2000
0 3
3 5
8 5
13 2
15 3
18 7
25 10
35 7
42 9
51 5
56 6
62 5
67 6
73 6
79 7
86 7
93 4
97 5
102 5
107 5
112 5
117 5
122 4
126 4
130 5
135 4
139 4
143 5
148 9
157 3
160 5
165 5
170 7
177 4
181 7
188 5
193 5
198 6
204 2
206 9
215 6
221 8
229 6
235 7
242 5
247 9
256 5
261 7
268 6
274 4
278 3
281 6
287 3
290 3
293 2
295 6
301 8
309 5
314 4
318 3
321 4
325 7
332 3
335 5
340 5
345 5
350 6
356 4
360 3
363 4
367 10
377 5
382 6
388 2
390 5
395 5
400 5
405 9
414 8
422 6
428 5
433 4
437 6
443 5
448 2
450 4
454 4
458 3
461 6
467 2
469 4
473 6
479 4
483 4
487 5
492 3
495 3
498 5
503 6
509 6
515 5
520 4
524 6
530 3
533 6
539 4
543 6
549 5
554 6
560 3
563 10
573 5
578 6
584 6
590 6
596 4
600 5
605 6
611 5
616 3
619 6
625 5
630 5
635 7
642 7
649 4
653 3
656 5
661 5
666 8
674 10
684 6
690 5
695 3
698 5
703 7
710 6
716 2
718 5
723 4
727 5
732 4
736 5
741 5
746 6
752 5
757 5
762 3
765 3
768 5
773 4
777 6
783 6
789 2
791 5
796 6
802 4
806 6
812 6
818 7
825 5
830 5
835 6
841 4
845 7
852 5
857 4
861 6
867 6
873 4
877 6
883 7
890 3
893 6
899 5
904 6
910 3
913 4
917 4
921 3
924 6
930 5
935 4
939 2
941 6
947 7
954 7
961 4
965 5
970 5
975 6
981 5
986 2
988 4
992 5
997 6
1003 3
1006 4
1010 2
1012 5
1017 5
1022 6
1028 4
1032 4
1036 8
1044 4
1048 6
1054 6
1060 6
1066 7
1073 5
1078 4
1082 6
1088 4
1092 9
1101 4
1105 7
1112 5
1117 4
1121 2
1123 4
1127 7
1134 8
1142 4
1146 6
1152 4
1156 4
1160 7
1167 4
1171 4
1175 4
1179 10
1189 5
1194 4
1198 3
1201 6
1207 6
1213 5
1218 3
1221 7
1228 6
1234 4
1238 6
1244 4
1248 4
1252 4
1256 7
1263 5
1268 4
1272 7
1279 5
1284 5
1289 3
1292 4
1296 8
1304 4
1308 4
1312 4
1316 5
1321 5
1326 8
1334 3
1337 4
1341 7
1348 3
1351 2
1353 4
1357 4
1361 7
1368 4
1372 9
1381 5
1386 5
1391 6
1397 6
1403 4
1407 4
1411 4
1415 3
1418 3
1421 4
1425 5
1430 7
1437 8
1445 2
1447 4
1451 7
1458 7
1465 5
1470 10
1480 9
1489 3
1492 6
1498 2
1500 7
1507 4
1511 6
1517 4
1521 4
1525 5
1530 4
1534 7
1541 8
1549 5
1554 5
1559 3
1562 7
1569 5
1574 4
1578 4
1582 7
1589 3
1592 4
1596 5
1601 5
1606 5
1611 6
1617 4
1621 4
1625 7
1632 5
1637 3
1640 4
1644 5
1649 2
1651 6
1657 3
1660 7
1667 7
1674 3
1677 3
1680 4
1684 4
1688 3
1691 3
1694 5
1699 6
1705 4
1709 3
1712 5
1717 10
1727 7
1734 5
1739 5
1744 3
1747 4
1751 5
1756 4
1760 5
1765 5
1770 3
1773 3
1776 4
1780 7
1787 4
1791 6
1797 5
1802 4
1806 4
1810 5
1815 3
1818 4
1822 5
1827 4
1831 7
1838 5
1843 4
1847 7
1854 4
1858 6
1864 7
1871 3
1874 8
1882 5
1887 6
1893 5
1898 6
1904 4
1908 6
1914 3
1917 7
1924 10
1934 6
1940 4
1944 3
1947 7
1954 4
1958 4
1962 5
1967 4
1971 6
1977 4
1981 5
1986 3
1989 3
1992 4
1996 5
2001 5
2006 6
2012 2
2014 4
2018 3
2021 3
2024 7
2031 6
2037 6
2043 5
2048 6
2054 6
2060 4
2064 6
2070 6
2076 4
2080 3
2083 4
2087 4
2091 4
2095 2
2097 7
2104 6
2110 4
2114 5
2119 6
2125 5
2130 5
2135 6
2141 6
2147 3
2150 6
2156 5
2161 5
2166 5
2171 3
2174 4
2178 4
2182 3
2185 5
2190 6
2196 5
2201 6
2207 6
2213 5
2218 6
2224 8
2232 4
2236 9
2245 3
2248 4
2252 4
2256 4
2260 5
2265 7
2272 6
2278 7
2285 3
2288 5
2293 2
2295 2
2297 6
2303 4
2307 3
2310 6
2316 7
2323 4
2327 4
2331 4
2335 3
2338 3
2341 5
2346 6
2352 4
2356 5
2361 6
2367 6
2373 3
2376 5
2381 7
2388 6
2394 3
2397 4
2401 5
2406 6
2412 3
2415 10
2425 4
2429 6
2435 3
2438 7
2445 2
2447 6
2453 6
2459 3
2462 6
2468 3
2471 5
2476 3
2479 4
2483 4
2487 9
2496 7
2503 6
2509 5
2514 4
2518 6
2524 6
2530 7
2537 3
2540 6
2546 4
2550 3
2553 5
2558 5
2563 4
2567 6
2573 5
2578 4
2582 7
2589 6
2595 2
2597 7
2604 3
2607 4
2611 5
2616 6
2622 5
2627 5
2632 3
2635 4
2639 8
2647 4
2651 4
2655 6
2661 3
2664 7
2671 11
2682 6
2688 4
2692 5
2697 3
2700 3
2703 9
2712 3
2715 4
2719 4
2723 5
2728 4
2732 4
2736 5
2741 7
2748 5
2753 6
2759 7
2766 7
2773 4
2777 5
2782 8
2790 2
2792 7
2799 2
2801 4
2805 4
2809 3
2812 2
2814 6
2820 5
2825 4
2829 2
2831 4
2835 4
2839 6
2845 4
2849 6
2855 6
2861 7
2868 6
2874 4
2878 4
2882 6
2888 6
2894 6
2900 6
2906 5
2911 7
2918 4
2922 4
2926 6
2932 5
2937 4
2941 5
2946 8
2954 6
2960 5
2965 3
2968 8
2976 3
2979 5
2984 4
2988 9
2997 7
3004 6
3010 3
3013 4
3017 8
3025 5
3030 6
3036 3
3039 4
3043 9
3052 5
3057 2
3059 5
3064 6
3070 3
3073 6
3079 7
3086 4
3090 9
3099 4
3103 6
3109 3
3112 5
3117 6
3123 5
3128 4
3132 3
3135 5
3140 3
3143 4
3147 3
3150 3
3153 2
3155 5
3160 4
3164 4
3168 3
3171 7
3178 8
3186 6
3192 6
3198 5
3203 5
3208 5
3213 4
3217 5
3222 3
3225 4
3229 5
3234 6
3240 8
3248 6
3254 3
3257 4
3261 4
3265 4
3269 5
3274 4
3278 10
3288 4
3292 5
3297 11
3308 6
3314 3
3317 3
3320 4
3324 6
3330 5
3335 4
3339 5
3344 4
3348 4
3352 5
3357 5
3362 3
3365 5
3370 5
3375 6
3381 3
3384 5
3389 2
3391 4
3395 6
3401 3
3404 6
3410 3
3413 6
3419 4
3423 7
3430 7
3437 5
3442 4
3446 5
3451 8
3459 4
3463 6
3469 4
3473 7
3480 6
3486 5
3491 4
3495 5
3500 6
3506 4
3510 3
3513 4
3517 6
3523 7
3530 4
3534 4
3538 7
3545 5
3550 6
3556 5
3561 5
3566 7
3573 2
3575 3
3578 6
3584 5
3589 10
3599 3
3602 3
3605 6
3611 4
3615 3
3618 6
3624 7
3631 6
3637 6
3643 5
3648 8
3656 8
3664 4
3668 5
3673 6
3679 7
3686 7
3693 3
3696 9
3705 6
3711 4
3715 6
3721 7
3728 4
3732 3
3735 6
3741 4
3745 4
3749 6
3755 6
3761 8
3769 5
3774 5
3779 4
3783 10
3793 5
3798 3
3801 8
3809 5
3814 7
3821 2
3823 7
3830 3
3833 4
3837 6
3843 4
3847 4
3851 5
3856 2
3858 5
3863 6
3869 2
3871 6
3877 6
3883 5
3888 4
3892 6
3898 9
3907 6
3913 4
3917 5
3922 3
3925 6
3931 5
3936 9
3945 10
3955 5
3960 5
3965 6
3971 2
3973 6
3979 7
3986 5
3991 6
3997 4
4001 8
4009 5
4014 6
4020 8
4028 6
4034 5
4039 5
4044 6
4050 4
4054 8
4062 3
4065 5
4070 7
4077 5
4082 3
4085 7
4092 5
4097 4
4101 7
4108 5
4113 5
4118 4
4122 4
4126 6
4132 8
4140 6
4146 7
4153 3
4156 5
4161 6
4167 6
4173 5
4178 3
4181 2
4183 6
4189 3
4192 3
4195 4
4199 8
4207 5
4212 7
4219 5
4224 7
4231 3
4234 7
4241 6
4247 8
4255 4
4259 5
4264 5
4269 3
4272 11
4283 7
4290 6
4296 3
4299 6
4305 3
4308 4
4312 5
4317 2
4319 3
4322 4
4326 6
4332 8
4340 3
4343 5
4348 5
4353 6
4359 6
4365 3
4368 6
4374 6
4380 3
4383 3
4386 7
4393 5
4398 8
4406 6
4412 3
4415 5
4420 3
4423 6
4429 3
4432 3
4435 4
4439 4
4443 2
4445 4
4449 6
4455 4
4459 5
4464 7
4471 5
4476 8
4484 7
4491 4
4495 9
4504 3
4507 4
4511 7
4518 3
4521 6
4527 6
4533 4
4537 3
4540 6
4546 7
4553 4
4557 7
4564 4
4568 4
4572 3
4575 6
4581 3
4584 4
4588 7
4595 5
4600 3
4603 4
4607 5
4612 9
4621 6
4627 4
4631 6
4637 5
4642 5
4647 3
4650 6
4656 4
4660 4
4664 6
4670 7
4677 4
4681 4
4685 4
4689 6
4695 5
4700 4
4704 3
4707 7
4714 4
4718 7
4725 3
4728 6
4734 4
4738 4
4742 4
4746 7
4753 4
4757 5
4762 3
4765 3
4768 5
4773 4
4777 2
4779 9
4788 7
4795 4
4799 3
4802 5
4807 4
4811 3
4814 7
4821 4
4825 4
4829 9
4838 3
4841 6
4847 8
4855 4
4859 6
4865 3
4868 8
4876 7
4883 4
4887 7
4894 6
4900 5
4905 3
4908 6
4914 6
4920 5
4925 3
4928 4
4932 5
4937 6
4943 5
4948 6
4954 5
4959 3
4962 6
4968 8
4976 4
4980 11
4991 4
4995 5
5000 5
5005 2
5007 4
5011 4
5015 5
5020 2
5022 6
5028 4
5032 6
5038 5
5043 5
5048 5
5053 2
5055 5
5060 3
5063 5
5068 5
5073 3
5076 6
5082 5
5087 3
5090 5
5095 2
5097 6
5103 6
5109 4
5113 6
5119 5
5124 4
5128 4
5132 3
5135 5
5140 3
5143 3
5146 2
5148 2
5150 5
5155 4
5159 4
5163 6
5169 7
5176 4
5180 6
5186 7
5193 7
5200 3
5203 5
5208 6
5214 5
5219 5
5224 4
5228 5
5233 3
5236 4
5240 5
5245 5
5250 6
5256 6
5262 6
5268 6
5274 4
5278 3
5281 4
5285 6
5291 4
5295 5
5300 4
5304 6
5310 6
5316 5
5321 7
5328 5
5333 2
5335 4
5339 7
5346 7
5353 6
5359 4
5363 7
5370 9
5379 7
5386 7
5393 7
5400 5
5405 4
5409 6
5415 7
5422 8
5430 6
5436 6
5442 6
5448 6
5454 5
5459 4
5463 4
5467 3
5470 5
5475 4
5479 4
5483 3
5486 9
5495 5
5500 4
5504 4
5508 6
5514 7
5521 7
5528 3
5531 3
5534 5
5539 5
5544 5
5549 4
5553 5
5558 7
5565 8
5573 4
5577 8
5585 6
5591 8
5599 7
5606 6
5612 5
5617 5
5622 4
5626 5
5631 5
5636 4
5640 6
5646 8
5654 5
5659 5
5664 4
5668 5
5673 5
5678 4
5682 5
5687 9
5696 6
5702 4
5706 7
5713 5
5718 4
5722 3
5725 6
5731 3
5734 6
5740 2
5742 4
5746 4
5750 6
5756 4
5760 4
5764 6
5770 6
5776 6
5782 3
5785 4
5789 7
5796 5
5801 9
5810 6
5816 3
5819 3
5822 4
5826 6
5832 8
5840 6
5846 3
5849 3
5852 7
5859 7
5866 4
5870 7
5877 3
5880 7
5887 4
5891 9
5900 7
5907 2
5909 5
5914 5
5919 4
5923 5
5928 6
5934 5
5939 5
5944 8
5952 3
5955 5
5960 3
5963 2
5965 4
5969 4
5973 4
5977 5
5982 6
5988 4
5992 6
5998 7
6005 4
6009 7
6016 6
6022 5
6027 8
6035 5
6040 6
6046 4
6050 5
6055 7
6062 5
6067 4
6071 6
6077 4
6081 8
6089 5
6094 6
6100 4
6104 5
6109 5
6114 7
6121 5
6126 5
6131 6
6137 10
6147 7
6154 6
6160 3
6163 3
6166 9
6175 6
6181 6
6187 4
6191 5
6196 4
6200 6
6206 8
6214 6
6220 6
6226 5
6231 8
6239 2
6241 6
6247 4
6251 5
6256 3
6259 6
6265 4
6269 4
6273 5
6278 3
6281 6
6287 5
6292 3
6295 3
6298 7
6305 5
6310 5
6315 2
6317 6
6323 5
6328 5
6333 4
6337 3
6340 3
6343 5
6348 5
6353 5
6358 5
6363 3
6366 4
6370 7
6377 5
6382 6
6388 3
6391 3
6394 5
6399 5
6404 5
6409 4
6413 5
6418 4
6422 4
6426 4
6430 3
6433 5
6438 4
6442 6
6448 6
6454 7
6461 4
6465 2
6467 5
6472 4
6476 2
6478 5
6483 6
6489 3
6492 8
6500 6
6506 6
6512 4
6516 4
6520 5
6525 9
6534 4
6538 6
6544 7
6551 5
6556 5
6561 4
6565 4
6569 4
6573 3
6576 5
6581 3
6584 5
6589 3
6592 6
6598 5
6603 6
6609 5
6614 5
6619 5
6624 6
6630 5
6635 6
6641 4
6645 3
6648 4
6652 5
6657 7
6664 5
6669 6
6675 4
6679 5
6684 6
6690 4
6694 9
6703 3
6706 8
6714 4
6718 6
6724 8
6732 5
6737 6
6743 8
6751 4
6755 6
6761 5
6766 3
6769 6
6775 4
6779 6
6785 4
6789 4
6793 7
6800 7
6807 4
6811 4
6815 4
6819 6
6825 5
6830 7
6837 3
6840 5
6845 6
6851 9
6860 5
6865 7
6872 6
6878 7
6885 4
6889 7
6896 3
6899 5
6904 8
6912 8
6920 4
6924 4
6928 6
6934 3
6937 4
6941 6
6947 7
6954 5
6959 5
6964 8
6972 7
6979 4
6983 5
6988 6
6994 6
7000 4
7004 5
7009 3
7012 4
7016 5
7021 4
7025 3
7028 5
7033 4
7037 5
7042 3
7045 5
7050 4
7054 3
7057 5
7062 5
7067 6
7073 3
7076 5
7081 5
7086 2
7088 8
7096 5
7101 8
7109 3
7112 5
7117 5
7122 5
7127 6
7133 6
7139 4
7143 4
7147 5
7152 5
7157 4
7161 4
7165 2
7167 5
7172 6
7178 10
7188 3
7191 5
7196 3
7199 4
7203 5
7208 3
7211 5
7216 8
7224 8
7232 4
7236 6
7242 4
7246 7
7253 5
7258 5
7263 7
7270 7
7277 4
7281 8
7289 8
7297 3
7300 3
7303 8
7311 5
7316 3
7319 4
7323 8
7331 2
7333 3
7336 5
7341 6
7347 6
7353 4
7357 7
7364 7
7371 6
7377 3
7380 6
7386 3
7389 8
7397 6
7403 5
7408 2
7410 7
7417 2
7419 3
7422 8
7430 4
7434 9
7443 4
7447 6
7453 6
7459 3
7462 5
7467 4
7471 4
7475 4
7479 6
7485 7
7492 8
7500 4
7504 5
7509 6
7515 3
7518 6
7524 6
7530 4
7534 3
7537 5
7542 4
7546 4
7550 4
7554 4
7558 3
7561 5
7566 5
7571 4
7575 5
7580 8
7588 7
7595 4
7599 8
7607 4
7611 5
7616 4
7620 3
7623 7
7630 4
7634 4
7638 3
7641 6
7647 5
7652 4
7656 3
7659 4
7663 8
7671 6
7677 6
7683 6
7689 6
7695 2
7697 5
7702 4
7706 6
7712 6
7718 3
7721 4
7725 3
7728 6
7734 5
7739 5
7744 6
7750 5
7755 4
7759 4
7763 4
7767 5
7772 5
7777 5
7782 3
7785 3
7788 6
7794 6
7800 5
7805 4
7809 5
7814 5
7819 6
7825 6
7831 6
7837 5
7842 5
7847 5
7852 4
7856 4
7860 4
7864 4
7868 4
7872 7
7879 6
7885 5
7890 6
7896 4
7900 4
7904 5
7909 4
7913 6
7919 4
7923 4
7927 4
7931 5
7936 6
7942 4
7946 5
7951 6
7957 2
7959 5
7964 5
7969 5
7974 6
7980 11
7991 5
7996 7
8003 7
8010 9
8019 4
8023 7
8030 6
8036 5
8041 5
8046 6
8052 2
8054 5
8059 4
8063 5
8068 4
8072 5
8077 3
8080 4
8084 4
8088 6
8094 4
8098 6
8104 4
8108 6
8114 6
8120 7
8127 3
8130 4
8134 5
8139 3
8142 4
8146 5
8151 5
8156 4
8160 9
8169 5
8174 7
8181 6
8187 5
8192 4
8196 5
8201 5
8206 8
8214 7
8221 7
8228 5
8233 5
8238 5
8243 5
8248 4
8252 3
8255 7
8262 8
8270 7
8277 3
8280 3
8283 3
8286 3
8289 5
8294 5
8299 7
8306 6
8312 3
8315 4
8319 5
8324 6
8330 4
8334 6
8340 4
8344 4
8348 4
8352 5
8357 3
8360 4
8364 5
8369 3
8372 4
8376 3
8379 4
8383 6
8389 5
8394 6
8400 5
8405 3
8408 4
8412 4
8416 6
8422 5
8427 5
8432 5
8437 6
8443 4
8447 5
8452 3
8455 4
8459 6
8465 9
8474 6
8480 6
8486 3
8489 5
8494 4
8498 6
8504 4
8508 5
8513 3
8516 5
8521 8
8529 5
8534 7
8541 5
8546 6
8552 5
8557 4
8561 4
8565 5
8570 5
8575 4
8579 5
8584 5
8589 7
8596 7
8603 5
8608 7
8615 4
8619 8
8627 2
8629 3
8632 4
8636 5
8641 3
8644 3
8647 3
8650 6
8656 7
8663 6
8669 5
8674 3
8677 6
8683 7
8690 4
8694 4
8698 7
8705 6
8711 5
8716 3
8719 4
8723 5
8728 5
8733 4
8737 9
8746 4
8750 4
8754 5
8759 6
8765 7
8772 9
8781 5
8786 5
8791 2
8793 6
8799 4
8803 5
8808 6
8814 8
8822 2
8824 2
8826 5
8831 5
8836 7
8843 5
8848 5
8853 6
8859 7
8866 6
8872 4
8876 7
8883 7
8890 3
8893 5
8898 3
8901 5
8906 5
8911 8
8919 4
8923 3
8926 5
8931 5
8936 4
8940 4
8944 2
8946 4
8950 3
8953 7
8960 6
8966 3
8969 3
8972 5
8977 6
8983 6
8989 5
8994 6
9000 4
9004 4
9008 3
9011 8
9019 3
9022 5
9027 3
9030 6
9036 4
9040 5
9045 5
9050 5
9055 6
9061 4
9065 3
9068 5
9073 3
9076 5
9081 4
9085 3
9088 3
9091 6
9097 5
9102 3
9105 5
9110 7
9117 4
9121 3
9124 3
9127 6
9133 7
9140 8
9148 2
9150 7
9157 4
9161 5
9166 5
9171 3
9174 3
9177 6
9183 2
9185 6
9191 5
9196 5
9201 6
9207 6
9213 3
9216 5
9221 4
9225 3
9228 6
9234 3
9237 3
9240 5
9245 3
9248 3
9251 6
9257 3
9260 2
9262 6
9268 4
9272 6
9278 8
9286 6
9292 4
9296 3
9299 8
9307 5
9312 4
9316 5
9321 7
9328 4
9332 6
9338 4
9342 8
9350 9
9359 5
9364 8
9372 4
9376 4
9380 3
9383 4
9387 4
9391 5
9396 4
9400 5
9405 7
9412 5
9417 4
9421 4
9425 6
9431 3
9434 5
9439 6
9445 5
9450 7
9457 7
9464 3
9467 7
9474 3
9477 4
9481 5
9486 6
9492 8
9500 6
9506 7
9513 5
9518 4
9522 6
9528 3
9531 5
9536 5
9541 6
9547 5
9552 7
9559 4
9563 2
9565 4
9569 6
9575 8
9583 2
9585 9
9594 6
9600 4
9604 9
9613 4
9617 3
9620 4
9624 4
9628 2
9630 5
9635 3
9638 5
9643 7
9650 5
9655 4
9659 7
9666 4
9670 3
9673 4
9677 4
9681 6
9687 5
9692 11
9703 4
9707 5
9712 4
9716 4
9720 8
9728 7
9735 7
9742 6
9748 4
9752 7
9759 5
9764 7
9771 7
9778 4
9782 5
9787 5
9792 3
9795 5
9800 6
9806 6
9812 3
9815 7
9822 8
9830 5
9835 6
9841 6
9847 4
9851 6
9857 6
9863 8
9871 3
9874 4
9878 2
9880 5
9885 5
9890 9
9899 4
9903 9
9912 5
9917 5
9922 4
9926 3
9929 6
9935 7
9942 7
9949 11
9960 6
9966 6
9972 3
9975 3
9978 4
9982 5
9987 8
9995 3
9998 3
10001 5
10006 4
10010 4
10014 3
10017 5
10022 5
10027 7
10034 4
10038 5
10043 4
10047 4
10051 6
10057 4
10061 4
10065 5

837

10070
1274 1
1921 1
1846 1
794 1
349 1
966 1
65 1
181 1
1328 1
1993 1
174 1
335 1
1960 1
1934 1
1290 1
1704 1
1376 1
1830 1
471 1
708 1
385 1
618 1
713 1
1163 1
1293 1
596 1
143 1
420 1
876 1
891 1
990 1
1083 1
1494 1
1604 1
1700 1
1719 1
595 1
287 1
342 1
616 1
784 1
1746 1
549 1
938 1
989 1
111 1
1097 1
1249 1
1456 1
1672 1
1926 1
1973 1
1822 1
453 1
623 1
1227 1
480 1
124 1
149 1
233 1
1520 1
1898 1
306 1
957 1
1399 1
366 1
1026 1
1366 1
1058 1
348 1
158 1
197 1
1421 1
1821 1
1318 1
249 1
340 1
749 1
869 1
1668 1
878 1
617 1
1317 1
1471 1
1629 1
1906 1
724 1
394 1
340 1
568 1
599 1
1111 1
1290 1
1075 1
1848 1
631 1
1045 1
403 1
673 1
658 1
1442 1
1740 1
633 1
607 1
1922 1
214 1
1436 1
1422 1
215 1
41 1
877 1
1344 1
1886 1
304 1
1645 1
1710 1
1976 1
468 1
524 1
249 1
1640 1
1674 1
1554 1
1586 1
846 1
1709 1
1111 1
543 1
1707 1
641 1
1549 1
1099 1
1944 1
745 1
1308 1
1342 1
1687 1
1392 1
1694 1
1463 1
420 1
162 1
1480 1
1464 1
970 1
973 1
544 1
1837 1
1170 1
410 1
125 1
167 1
277 1
1046 1
1655 1
1959 1
1986 1
956 1
1861 1
797 1
987 1
888 1
105 1
453 1
1504 1
1900 1
1338 1
217 1
1105 1
1378 1
129 1
1770 1
1817 1
406 1
517 1
988 1
1538 1
1294 1
1113 1
577 1
108 1
1485 1
1061 1
132 1
194 1
420 1
1164 1
1886 1
1473 1
1399 1
235 1
1280 1
1808 1
613 1
1622 1
1481 1
1473 1
1530 1
1709 1
146 1
1916 1
1426 1
1665 1
1716 1
1935 1
1615 1
695 1
1935 1
71 1
162 1
1029 1
1445 1
1771 1
1840 1
1850 1
1026 1
1816 1
1157 1
188 1
392 1
933 1
19 1
1095 1
159 1
896 1
75 1
257 1
749 1
813 1
1273 1
1134 1
619 1
343 1
832 1
1822 1
1875 1
1365 1
387 1
1063 1
1208 1
1697 1
1728 1
961 1
1317 1
549 1
958 1
1357 1
78 1
1374 1
577 1
418 1
494 1
908 1
1080 1
1235 1
1791 1
187 1
531 1
557 1
952 1
1905 1
59 1
250 1
78 1
646 1
842 1
1235 1
1895 1
452 1
1445 1
304 1
763 1
1067 1
1513 1
1543 1
1078 1
689 1
1871 1
659 1
1575 1
608 1
1381 1
687 1
190 1
425 1
746 1
1425 1
1121 1
941 1
1123 1
1210 1
1330 1
1836 1
359 1
985 1
1101 1
1669 1
533 1
187 1
1328 1
1782 1
790 1
815 1
117 1
517 1
740 1
976 1
1184 1
1630 1
209 1
1413 1
1589 1
1236 1
1281 1
959 1
352 1
640 1
966 1
47 1
236 1
1472 1
890 1
1892 1
383 1
1908 1
727 1
258 1
319 1
319 1
1537 1
1675 1
1939 1
1091 1
1167 1
1134 1
1899 1
1552 1
1168 1
849 1
1785 1
1911 1
1655 1
441 1
1651 1
1864 1
914 1
1 1
138 1
444 1
1232 1
835 1
917 1
1884 1
243 1
613 1
1805 1
1079 1
1888 1
1333 1
1796 1
341 1
360 1
1335 1
1055 1
209 1
1336 1
1811 1
1930 1
776 1
570 1
147 1
208 1
455 1
593 1
1671 1
1800 1
1943 1
39 1
303 1
1584 1
384 1
1516 1
528 1
625 1
464 1
643 1
735 1
1070 1
190 1
802 1
1709 1
181 1
1432 1
205 1
322 1
638 1
41 1
213 1
877 1
1093 1
164 1
1008 1
219 1
415 1
776 1
654 1
540 1
150 1
270 1
335 1
417 1
595 1
1862 1
1897 1
45 1
47 1
1328 1
216 1
647 1
1023 1
1453 1
1770 1
119 1
1330 1
1042 1
1228 1
1658 1
1709 1
434 1
1564 1
211 1
885 1
1803 1
741 1
1285 1
151 1
1889 1
1746 1
1121 1
914 1
224 1
356 1
906 1
890 1
1177 1
403 1
412 1
989 1
599 1
1376 1
1624 1
201 1
1261 1
1814 1
221 1
757 1
1441 1
372 1
1584 1
1250 1
1839 1
1891 1
1471 1
241 1
457 1
709 1
972 1
776 1
1550 1
1270 1
1335 1
782 1
1017 1
271 1
1030 1
1368 1
732 1
1774 1
1978 1
503 1
306 1
1066 1
1362 1
1412 1
1593 1
298 1
554 1
621 1
1488 1
884 1
1404 1
1822 1
1860 1
1976 1
530 1
1288 1
1876 1
531 1
487 1
1577 1
397 1
977 1
1672 1
1947 1
164 1
1868 1
450 1
1010 1
1949 1
484 1
1482 1
559 1
684 1
1775 1
1927 1
1495 1
1481 1
1852 1
145 1
1792 1
864 1
1691 1
391 1
957 1
1937 1
212 1
207 1
301 1
663 1
1876 1
839 1
1828 1
390 1
1435 1
1787 1
256 1
1056 1
1827 1
1916 1
30 1
859 1
691 1
1726 1
1744 1
660 1
365 1
621 1
1402 1
1633 1
699 1
666 1
346 1
503 1
1603 1
602 1
33 1
1174 1
716 1
848 1
939 1
967 1
1738 1
1241 1
1816 1
967 1
834 1
228 1
266 1
305 1
413 1
1165 1
1694 1
1739 1
668 1
8 1
1908 1
159 1
621 1
1130 1
1069 1
430 1
1346 1
1452 1
1590 1
1299 1
648 1
1014 1
563 1
937 1
1373 1
1582 1
599 1
214 1
256 1
260 1
371 1
1156 1
283 1
726 1
188 1
513 1
1546 1
146 1
1183 1
1559 1
899 1
1574 1
56 1
440 1
596 1
645 1
1941 1
1960 1
1753 1
399 1
433 1
79 1
647 1
1564 1
1843 1
986 1
468 1
979 1
1324 1
1897 1
860 1
1136 1
671 1
974 1
1523 1
1188 1
1441 1
914 1
1070 1
1293 1
1378 1
641 1
464 1
496 1
670 1
987 1
1866 1
10 1
1817 1
259 1
790 1
467 1
597 1
929 1
28 1
760 1
1094 1
1674 1
1196 1
592 1
540 1
1358 1
1695 1
191 1
328 1
1439 1
246 1
1530 1
824 1
214 1
1474 1
32 1
185 1
339 1
505 1
476 1
521 1
1065 1
1345 1
1730 1
1629 1
1609 1
269 1
272 1
301 1
953 1
1719 1
1878 1
1985 1
870 1
1082 1
525 1
206 1
1278 1
1354 1
1670 1
34 1
210 1
719 1
1527 1
970 1
470 1
1239 1
1676 1
598 1
534 1
797 1
1787 1
511 1
1858 1
718 1
648 1
1214 1
1521 1
1646 1
809 1
790 1
1492 1
386 1
462 1
1410 1
648 1
476 1
65 1
996 1
801 1
785 1
1649 1
534 1
909 1
879 1
1966 1
1483 1
483 1
973 1
999 1
1300 1
353 1
1310 1
845 1
1382 1
315 1
1610 1
1358 1
1166 1
1256 1
6 1
338 1
1919 1
890 1
1367 1
1127 1
1199 1
1198 1
498 1
734 1
1885 1
100 1
1534 1
405 1
628 1
874 1
37 1
1382 1
1765 1
116 1
1591 1
750 1
70 1
1962 1
1922 1
1796 1
502 1
1069 1
10 1
1737 1
388 1
1479 1
77 1
168 1
681 1
307 1
1589 1
81 1
377 1
511 1
1786 1
1927 1
973 1
514 1
185 1
1389 1
1621 1
1978 1
473 1
316 1
1889 1
1466 1
379 1
888 1
971 1
1510 1
582 1
275 1
466 1
475 1
729 1
1202 1
729 1
1005 1
1556 1
962 1
1336 1
1312 1
419 1
539 1
1901 1
1985 1
1217 1
12 1
985 1
1001 1
1377 1
41 1
1290 1
111 1
924 1
1139 1
1497 1
1955 1
451 1
548 1
548 1
1535 1
1869 1
959 1
742 1
1499 1
1907 1
1935 1
26 1
39 1
1827 1
996 1
1124 1
1556 1
1352 1
1014 1
462 1
1391 1
76 1
98 1
841 1
782 1
462 1
462 1
778 1
1890 1
380 1
1576 1
1702 1
1950 1
1384 1
713 1
409 1
1851 1
28 1
1381 1
1144 1
180 1
460 1
1721 1
150 1
1469 1
1836 1
1398 1
1514 1
1702 1
452 1
1822 1
199 1
745 1
1502 1
925 1
1079 1
582 1
1227 1
1657 1
627 1
797 1
1091 1
677 1
1648 1
1663 1
1720 1
242 1
1963 1
380 1
1188 1
468 1
230 1
1071 1
1333 1
1729 1
1458 1
2 1
264 1
1705 1
1855 1
721 1
1306 1
566 1
743 1
1009 1
1825 1
1770 1
496 1
1061 1
1956 1
1599 1
1469 1
1028 1
1713 1
1894 1
532 1
1103 1
1959 1
1618 1
1109 1
1130 1
865 1
167 1
1109 1
1844 1
1920 1
74 1
1194 1
1377 1
1 1
550 1
189 1
494 1
1034 1
1906 1
769 1
647 1
1598 1
1480 1
369 1
1011 1
1457 1
1607 1
129 1
1747 1
152 1
569 1
368 1
422 1
1808 1
1267 1
1008 1
255 1
641 1
1336 1
1621 1
1945 1
46 1
218 1
1664 1
55 1
115 1
40 1
391 1
1795 1
1904 1
182 1
896 1
1735 1
986 1
1407 1
73 1
1509 1
51 1
811 1
1404 1
1649 1
127 1
281 1
1439 1
254 1
1279 1
1982 1
235 1
1648 1
1466 1
1726 1
1719 1
34 1
703 1
1527 1
593 1
633 1
1581 1
1811 1
1845 1
983 1
1107 1
1182 1
1604 1
950 1
888 1
1066 1
12 1
1541 1
1551 1
572 1
1567 1
169 1
1209 1
1245 1
1439 1
1915 1
1119 1
664 1
1742 1
754 1
1514 1
85 1
1670 1
1927 1
211 1
302 1
934 1
1922 1
709 1
1373 1
379 1
247 1
668 1
1593 1
687 1
882 1
899 1
248 1
431 1
754 1
1120 1
1226 1
1727 1
1699 1
74 1
1258 1
1538 1
131 1
254 1
737 1
312 1
540 1
1542 1
102 1
548 1
1999 1
1462 1
1783 1
1799 1
244 1
1527 1
70 1
518 1
701 1
1279 1
57 1
69 1
705 1
1190 1
418 1
1390 1
1847 1
132 1
1966 1
1681 1
742 1
826 1
80 1
1807 1
201 1
1600 1
102 1
763 1
461 1
448 1
408 1
1787 1
1479 1
75 1
295 1
1049 1
114 1
128 1
18 1
244 1
372 1
427 1
991 1
1058 1
1208 1
19 1
405 1
1836 1
1685 1
78 1
290 1
635 1
272 1
517 1
925 1
951 1
31 1
1185 1
1515 1
571 1
1355 1
187 1
1854 1
1296 1
1200 1
76 1
1360 1
942 1
1573 1
1422 1
1749 1
86 1
407 1
1945 1
1728 1
369 1
828 1
1293 1
453 1
839 1
763 1
583 1
752 1
760 1
1163 1
1601 1
1339 1
289 1
1488 1
1593 1
895 1
82 1
336 1
825 1
1625 1
1640 1
902 1
878 1
656 1
395 1
845 1
797 1
1948 1
846 1
1664 1
461 1
400 1
533 1
1320 1
1329 1
1543 1
578 1
110 1
669 1
1420 1
871 1
1155 1
1316 1
1994 1
173 1
1486 1
1565 1
1722 1
1013 1
1301 1
662 1
453 1
486 1
709 1
901 1
1162 1
1338 1
1678 1
1421 1
1534 1
810 1
299 1
736 1
914 1
10 1
1959 1
1732 1
887 1
1870 1
1114 1
35 1
192 1
751 1
1936 1
919 1
1600 1
59 1
537 1
800 1
764 1
1519 1
1570 1
797 1
441 1
1952 1
349 1
560 1
797 1
320 1
391 1
1250 1
913 1
1115 1
626 1
643 1
1428 1
1975 1
1032 1
1579 1
558 1
1182 1
1566 1
1661 1
753 1
1887 1
88 1
1967 1
172 1
1321 1
1109 1
695 1
1040 1
1948 1
1772 1
66 1
988 1
1035 1
208 1
365 1
1639 1
214 1
485 1
339 1
356 1
1642 1
128 1
735 1
1595 1
327 1
532 1
1208 1
1839 1
203 1
769 1
540 1
499 1
707 1
1503 1
1013 1
204 1
1115 1
13 1
1942 1
21 1
316 1
459 1
1271 1
1468 1
47 1
1709 1
1561 1
996 1
1804 1
812 1
1663 1
594 1
1628 1
1769 1
791 1
473 1
513 1
309 1
1740 1
606 1
804 1
191 1
206 1
273 1
686 1
429 1
605 1
955 1
1552 1
1863 1
186 1
1480 1
1680 1
104 1
1790 1
114 1
1861 1
1731 1
41 1
628 1
1097 1
61 1
1955 1
1160 1
1263 1
1402 1
124 1
1551 1
1628 1
499 1
1565 1
1967 1
114 1
344 1
345 1
508 1
1167 1
1274 1
1282 1
1777 1
840 1
1088 1
1116 1
1107 1
1185 1
1252 1
1766 1
839 1
1949 1
664 1
731 1
793 1
853 1
1742 1
174 1
1068 1
1482 1
423 1
110 1
607 1
721 1
1800 1
1047 1
1107 1
573 1
1933 1
1618 1
286 1
408 1
885 1
1069 1
1533 1
1716 1
1431 1
130 1
1314 1
1884 1
1285 1
1187 1
77 1
300 1
313 1
502 1
657 1
1627 1
1655 1
91 1
1789 1
1635 1
1307 1
1752 1
447 1
216 1
130 1
442 1
1044 1
254 1
1760 1
769 1
1583 1
1102 1
1413 1
1671 1
1952 1
1045 1
681 1
940 1
1797 1
786 1
155 1
813 1
1211 1
1266 1
377 1
565 1
1446 1
28 1
443 1
734 1
457 1
289 1
1015 1
618 1
783 1
970 1
530 1
563 1
1131 1
1324 1
432 1
191 1
1550 1
834 1
500 1
1486 1
463 1
700 1
345 1
632 1
771 1
1521 1
1635 1
115 1
953 1
1801 1
1991 1
769 1
1063 1
1416 1
1790 1
1304 1
1954 1
1326 1
1852 1
1090 1
1659 1
268 1
934 1
982 1
1031 1
1517 1
1575 1
1693 1
1094 1
7 1
753 1
913 1
1264 1
1967 1
1972 1
1611 1
813 1
504 1
1686 1
1750 1
223 1
278 1
385 1
1334 1
340 1
336 1
1359 1
1449 1
1876 1
1886 1
216 1
469 1
622 1
772 1
817 1
893 1
916 1
1694 1
1990 1
598 1
753 1
526 1
1203 1
388 1
1216 1
327 1
469 1
1471 1
1626 1
1676 1
1065 1
1504 1
1102 1
1256 1
1389 1
1569 1
1807 1
213 1
1534 1
674 1
309 1
1430 1
618 1
301 1
309 1
391 1
1318 1
1310 1
1600 1
1573 1
1846 1
93 1
1113 1
1614 1
1126 1
232 1
348 1
756 1
1757 1
1882 1
270 1
1583 1
582 1
358 1
296 1
130 1
102 1
639 1
1518 1
1744 1
1977 1
201 1
721 1
593 1
653 1
768 1
993 1
1331 1
1736 1
71 1
989 1
669 1
525 1
1613 1
20 1
48 1
498 1
728 1
1306 1
110 1
1000 1
514 1
11 1
92 1
480 1
604 1
313 1
744 1
1958 1
1799 1
150 1
1175 1
1079 1
1341 1
1679 1
1069 1
387 1
772 1
253 1
962 1
296 1
295 1
1325 1
1230 1
1688 1
355 1
1059 1
1659 1
1687 1
1696 1
419 1
369 1
1357 1
1871 1
206 1
1996 1
306 1
270 1
1741 1
563 1
1195 1
1422 1
408 1
573 1
892 1
1304 1
142 1
750 1
381 1
538 1
854 1
153 1
1150 1
1717 1
249 1
1444 1
1975 1
1731 1
775 1
969 1
1581 1
1134 1
367 1
1882 1
1472 1
61 1
61 1
398 1
1140 1
1304 1
1805 1
1937 1
238 1
1637 1
787 1
389 1
1224 1
1404 1
1834 1
1861 1
74 1
859 1
1889 1
1251 1
1513 1
1230 1
406 1
1075 1
1422 1
1798 1
1780 1
994 1
406 1
507 1
993 1
1393 1
1794 1
1967 1
870 1
1392 1
246 1
388 1
1574 1
292 1
555 1
737 1
1778 1
1548 1
127 1
449 1
646 1
711 1
1173 1
1187 1
1821 1
1141 1
1813 1
1031 1
1077 1
1347 1
735 1
695 1
1240 1
660 1
375 1
1092 1
412 1
841 1
392 1
521 1
1278 1
1299 1
1155 1
1621 1
1842 1
2 1
77 1
560 1
1118 1
224 1
377 1
289 1
1796 1
1440 1
1654 1
1598 1
712 1
653 1
772 1
143 1
574 1
659 1
129 1
245 1
1707 1
687 1
1945 1
15 1
289 1
13 1
959 1
384 1
437 1
694 1
1076 1
1202 1
1545 1
68 1
1076 1
1619 1
1331 1
807 1
1334 1
1398 1
7 1
792 1
740 1
950 1
1550 1
42 1
1856 1
1232 1
1585 1
1953 1
260 1
914 1
673 1
260 1
282 1
1056 1
410 1
1009 1
107 1
1037 1
1551 1
1649 1
1034 1
1964 1
1506 1
1772 1
12 1
299 1
845 1
516 1
1140 1
1 1
1013 1
885 1
237 1
1129 1
1551 1
1430 1
1237 1
857 1
674 1
1448 1
58 1
1120 1
847 1
1121 1
141 1
1314 1
1573 1
1408 1
525 1
1603 1
1711 1
550 1
1311 1
1091 1
1364 1
310 1
1756 1
1771 1
973 1
1308 1
1964 1
950 1
245 1
82 1
523 1
1039 1
1685 1
810 1
633 1
1924 1
751 1
300 1
1688 1
1645 1
54 1
1975 1
1377 1
994 1
1032 1
68 1
1861 1
1961 1
670 1
1673 1
1974 1
1874 1
1904 1
734 1
545 1
867 1
1247 1
1898 1
497 1
1932 1
449 1
568 1
1156 1
985 1
583 1
1265 1
1893 1
1981 1
244 1
455 1
106 1
1681 1
1804 1
785 1
11 1
554 1
1398 1
318 1
692 1
919 1
1199 1
395 1
1348 1
1693 1
583 1
185 1
439 1
1727 1
311 1
424 1
221 1
184 1
1395 1
1562 1
534 1
580 1
422 1
640 1
1181 1
1653 1
1683 1
426 1
114 1
726 1
1123 1
214 1
86 1
741 1
1053 1
1338 1
1830 1
1879 1
1320 1
1855 1
1171 1
826 1
1046 1
800 1
1005 1
432 1
537 1
1226 1
1706 1
332 1
1291 1
513 1
1356 1
1783 1
836 1
1038 1
1803 1
464 1
817 1
820 1
276 1
336 1
151 1
534 1
1323 1
1043 1
1864 1
1010 1
1265 1
1483 1
154 1
202 1
497 1
165 1
172 1
655 1
784 1
1596 1
546 1
1979 1
315 1
1359 1
1361 1
1266 1
455 1
469 1
798 1
1171 1
1315 1
1887 1
1825 1
671 1
1018 1
1076 1
1401 1
1823 1
1220 1
60 1
1393 1
1875 1
71 1
340 1
1527 1
289 1
1306 1
5 1
818 1
835 1
1132 1
1276 1
136 1
535 1
852 1
1035 1
43 1
308 1
1472 1
1608 1
292 1
327 1
149 1
445 1
1879 1
320 1
436 1
1557 1
1992 1
103 1
1879 1
1819 1
1521 1
741 1
1186 1
188 1
238 1
101 1
296 1
333 1
40 1
969 1
1279 1
1220 1
1235 1
407 1
1553 1
15 1
776 1
516 1
225 1
367 1
1416 1
1812 1
1929 1
1204 1
461 1
493 1
1619 1
97 1
1348 1
1705 1
923 1
1860 1
319 1
1460 1
1739 1
792 1
1373 1
1384 1
1812 1
118 1
637 1
227 1
626 1
866 1
741 1
1194 1
1756 1
1246 1
1466 1
900 1
17 1
83 1
1279 1
712 1
1314 1
1145 1
1311 1
861 1
1767 1
1134 1
1267 1
1380 1
1554 1
145 1
215 1
1356 1
1124 1
686 1
1939 1
325 1
323 1
32 1
682 1
1905 1
221 1
393 1
1034 1
1119 1
1698 1
1124 1
314 1
268 1
1782 1
212 1
908 1
1583 1
166 1
1148 1
1297 1
1297 1
28 1
426 1
345 1
577 1
1703 1
1731 1
1435 1
1910 1
1627 1
1251 1
1648 1
1893 1
83 1
332 1
1375 1
1128 1
1339 1
110 1
844 1
628 1
419 1
1388 1
748 1
76 1
1670 1
1249 1
1525 1
1438 1
1972 1
1453 1
1491 1
77 1
749 1
45 1
209 1
1127 1
691 1
786 1
1019 1
1412 1
311 1
414 1
1029 1
1791 1
157 1
613 1
26 1
34 1
6 1
1068 1
845 1
1101 1
1219 1
875 1
1263 1
185 1
370 1
576 1
892 1
1475 1
1623 1
265 1
868 1
1434 1
1285 1
1838 1
369 1
906 1
1999 1
540 1
1626 1
1545 1
51 1
836 1
819 1
821 1
1131 1
371 1
410 1
498 1
1795 1
785 1
1546 1
598 1
214 1
1139 1
777 1
1219 1
1474 1
495 1
590 1
1219 1
1655 1
254 1
1732 1
979 1
1577 1
1053 1
112 1
656 1
790 1
1064 1
675 1
204 1
1343 1
1911 1
1948 1
374 1
895 1
280 1
118 1
440 1
1161 1
738 1
80 1
974 1
1686 1
1152 1
1497 1
1151 1
1866 1
389 1
1163 1
1789 1
1707 1
739 1
1627 1
340 1
511 1
1666 1
1778 1
1952 1
1702 1
599 1
445 1
507 1
1083 1
368 1
1462 1
733 1
607 1
676 1
775 1
433 1
117 1
925 1
1458 1
1510 1
1712 1
64 1
237 1
931 1
823 1
1273 1
1358 1
272 1
452 1
1768 1
1871 1
1881 1
277 1
1626 1
1629 1
1929 1
1216 1
1301 1
1425 1
1896 1
1635 1
65 1
1258 1
1384 1
388 1
438 1
766 1
1406 1
1104 1
960 1
969 1
1165 1
1493 1
929 1
1981 1
1081 1
272 1
1408 1
822 1
1739 1
212 1
824 1
1989 1
1691 1
363 1
328 1
1272 1
1947 1
98 1
1935 1
462 1
1026 1
1802 1
160 1
1852 1
1829 1
1935 1
873 1
1109 1
1268 1
48 1
169 1
442 1
733 1
759 1
1332 1
222 1
30 1
9 1
231 1
1241 1
1430 1
1980 1
1889 1
684 1
1415 1
365 1
381 1
1936 1
70 1
1977 1
1631 1
701 1
277 1
88 1
1748 1
1314 1
1417 1
465 1
1027 1
1937 1
249 1
795 1
784 1
1487 1
167 1
1764 1
646 1
212 1
227 1
396 1
1177 1
1608 1
798 1
164 1
450 1
164 1
136 1
163 1
896 1
1086 1
282 1
1041 1
1498 1
1899 1
72 1
1269 1
123 1
376 1
1052 1
458 1
1727 1
1747 1
155 1
544 1
1912 1
1618 1
1387 1
124 1
21 1
173 1
1159 1
120 1
1113 1
290 1
292 1
381 1
1913 1
1067 1
1385 1
133 1
1910 1
1842 1
780 1
5 1
1508 1
1228 1
875 1
900 1
1333 1
1532 1
988 1
1073 1
1329 1
1707 1
153 1
252 1
516 1
1665 1
701 1
1002 1
899 1
1553 1
601 1
155 1
807 1
971 1
1391 1
1942 1
137 1
129 1
1047 1
1261 1
690 1
1020 1
1135 1
937 1
651 1
994 1
687 1
1087 1
1269 1
803 1
590 1
1074 1
606 1
646 1
711 1
961 1
10 1
306 1
1359 1
1436 1
945 1
1951 1
1230 1
1034 1
1234 1
1832 1
1954 1
1291 1
604 1
1129 1
140 1
1680 1
1757 1
1048 1
510 1
1019 1
1177 1
1498 1
1609 1
1733 1
99 1
586 1
1682 1
1938 1
245 1
1173 1
1392 1
1430 1
620 1
1614 1
1973 1
231 1
537 1
97 1
1196 1
553 1
666 1
1186 1
1673 1
1971 1
1817 1
933 1
1587 1
740 1
1975 1
831 1
1215 1
1820 1
1404 1
748 1
862 1
1097 1
1283 1
1652 1
1168 1
1872 1
769 1
1115 1
761 1
649 1
617 1
1258 1
1970 1
396 1
1242 1
836 1
182 1
45 1
1863 1
1046 1
1733 1
1455 1
428 1
765 1
176 1
123 1
1871 1
976 1
363 1
924 1
379 1
815 1
304 1
426 1
1224 1
144 1
1369 1
808 1
1011 1
1848 1
1930 1
259 1
1894 1
247 1
656 1
756 1
1677 1
1681 1
608 1
281 1
1283 1
599 1
1087 1
1572 1
1442 1
1982 1
940 1
1174 1
1691 1
148 1
1552 1
270 1
552 1
92 1
107 1
1367 1
1131 1
1372 1
1836 1
718 1
288 1
1538 1
589 1
657 1
896 1
129 1
967 1
864 1
1172 1
1379 1
1434 1
1807 1
1077 1
1509 1
1505 1
438 1
1143 1
325 1
971 1
1243 1
1334 1
1143 1
260 1
806 1
1590 1
964 1
1215 1
1054 1
483 1
1782 1
602 1
1127 1
1260 1
135 1
437 1
151 1
1957 1
1756 1
1833 1
593 1
1620 1
1910 1
116 1
375 1
1308 1
911 1
252 1
1842 1
152 1
305 1
1684 1
1817 1
1939 1
1250 1
1294 1
718 1
1954 1
348 1
394 1
473 1
555 1
1519 1
607 1
1177 1
216 1
32 1
56 1
612 1
947 1
1573 1
208 1
1390 1
1353 1
910 1
1886 1
1011 1
1114 1
1379 1
1544 1
825 1
1767 1
884 1
333 1
129 1
1967 1
1526 1
1192 1
1109 1
577 1
1339 1
1856 1
1481 1
999 1
356 1
538 1
866 1
922 1
21 1
1881 1
719 1
1156 1
1724 1
131 1
303 1
1532 1
353 1
1660 1
1934 1
291 1
1125 1
1228 1
994 1
1544 1
774 1
72 1
1162 1
1150 1
817 1
983 1
1355 1
1786 1
1909 1
1173 1
1106 1
1074 1
1986 1
1333 1
95 1
279 1
817 1
46 1
1476 1
96 1
1625 1
1064 1
1212 1
178 1
246 1
648 1
55 1
1588 1
1039 1
227 1
1210 1
1763 1
1845 1
134 1
139 1
370 1
377 1
1473 1
675 1
1045 1
645 1
989 1
1032 1
1734 1
386 1
1989 1
1080 1
824 1
1262 1
1950 1
1236 1
981 1
679 1
1282 1
236 1
486 1
1321 1
374 1
1748 1
1321 1
523 1
315 1
793 1
157 1
1466 1
77 1
126 1
247 1
424 1
1416 1
206 1
667 1
795 1
1753 1
987 1
1415 1
1539 1
924 1
1965 1
552 1
1806 1
23 1
914 1
1383 1
670 1
466 1
27 1
549 1
1000 1
1503 1
1436 1
362 1
972 1
1427 1
1974 1
380 1
1589 1
1723 1
779 1
694 1
623 1
1394 1
1449 1
160 1
207 1
1134 1
939 1
160 1
985 1
1390 1
8 1
544 1
44 1
1293 1
958 1
354 1
1105 1
181 1
570 1
688 1
1310 1
1056 1
1856 1
1931 1
905 1
1037 1
1444 1
1611 1
542 1
502 1
1927 1
1138 1
1495 1
1507 1
1921 1
487 1
693 1
700 1
1291 1
799 1
366 1
93 1
855 1
1044 1
516 1
731 1
1038 1
327 1
823 1
1536 1
1830 1
1865 1
1200 1
1372 1
46 1
1625 1
1488 1
1470 1
1938 1
1962 1
1981 1
887 1
240 1
99 1
1638 1
1336 1
907 1
1907 1
335 1
237 1
837 1
1982 1
1777 1
573 1
1030 1
1702 1
280 1
313 1
1411 1
1712 1
113 1
1585 1
773 1
926 1
789 1
664 1
1999 1
276 1
1839 1
1811 1
588 1
175 1
1977 1
732 1
1861 1
1548 1
1883 1
364 1
862 1
15 1
1072 1
185 1
1809 1
1909 1
1513 1
1413 1
1606 1
70 1
985 1
550 1
1779 1
217 1
1507 1
665 1
996 1
1048 1
1869 1
198 1
656 1
1501 1
685 1
1479 1
1911 1
314 1
561 1
267 1
1459 1
1343 1
957 1
1829 1
338 1
1245 1
1357 1
980 1
1073 1
1209 1
1246 1
687 1
629 1
1507 1
900 1
1373 1
422 1
1255 1
33 1
45 1
522 1
410 1
1457 1
1509 1
228 1
1263 1
934 1
1068 1
678 1
1609 1
1888 1
1929 1
1384 1
1297 1
1532 1
1983 1
370 1
893 1
1491 1
1981 1
870 1
1587 1
1955 1
1848 1
1621 1
1231 1
1704 1
155 1
300 1
1626 1
1492 1
170 1
1130 1
1664 1
368 1
222 1
1863 1
364 1
713 1
808 1
1939 1
1905 1
935 1
1239 1
1378 1
764 1
1361 1
1698 1
484 1
1377 1
1579 1
690 1
949 1
729 1
1854 1
748 1
712 1
1572 1
859 1
565 1
1083 1
1737 1
1666 1
504 1
1723 1
724 1
732 1
878 1
1191 1
1930 1
478 1
428 1
1255 1
840 1
1174 1
1941 1
907 1
1644 1
835 1
912 1
1758 1
126 1
972 1
1330 1
302 1
512 1
975 1
194 1
70 1
1000 1
1410 1
1944 1
1382 1
251 1
699 1
7 1
806 1
1934 1
77 1
1896 1
6 1
117 1
726 1
1142 1
124 1
1464 1
1441 1
730 1
787 1
970 1
1272 1
1427 1
1469 1
134 1
291 1
427 1
1734 1
1262 1
1033 1
1094 1
84 1
114 1
438 1
15 1
500 1
1647 1
1460 1
1627 1
1919 1
474 1
1761 1
851 1
620 1
108 1
1831 1
956 1
510 1
1577 1
1908 1
1918 1
1994 1
1129 1
1337 1
637 1
680 1
1757 1
306 1
482 1
1695 1
871 1
1330 1
1982 1
1065 1
254 1
1776 1
479 1
1347 1
253 1
1863 1
18 1
266 1
516 1
636 1
1060 1
439 1
1003 1
1442 1
1617 1
50 1
500 1
1253 1
1907 1
1876 1
1884 1
1965 1
1884 1
1186 1
1322 1
943 1
1584 1
1471 1
1936 1
1973 1
1077 1
1247 1
1910 1
1514 1
1049 1
517 1
36 1
66 1
419 1
1431 1
904 1
1025 1
1642 1
1047 1
1647 1
806 1
865 1
1116 1
1487 1
1807 1
1863 1
1298 1
956 1
1893 1
7 1
927 1
959 1
1058 1
1291 1
1813 1
1925 1
1998 1
771 1
14 1
492 1
767 1
278 1
296 1
5 1
1355 1
1367 1
1043 1
42 1
845 1
1006 1
601 1
485 1
1878 1
1484 1
1928 1
94 1
1781 1
111 1
106 1
1095 1
1498 1
290 1
1188 1
1680 1
799 1
1244 1
547 1
9 1
1784 1
1723 1
887 1
777 1
902 1
72 1
1551 1
1016 1
730 1
1294 1
239 1
400 1
1580 1
171 1
1171 1
1975 1
1816 1
414 1
145 1
257 1
1592 1
575 1
1255 1
1485 1
1107 1
1991 1
16 1
1782 1
747 1
919 1
1791 1
1738 1
282 1
984 1
18 1
357 1
194 1
1202 1
775 1
1095 1
1644 1
216 1
1457 1
1954 1
727 1
781 1
968 1
1155 1
607 1
947 1
1367 1
661 1
794 1
820 1
1039 1
1137 1
400 1
603 1
1328 1
817 1
1394 1
1641 1
75 1
685 1
1890 1
909 1
1033 1
1837 1
301 1
1602 1
762 1
734 1
1795 1
58 1
1118 1
370 1
1311 1
1546 1
123 1
1827 1
186 1
23 1
1671 1
1789 1
822 1
673 1
1395 1
72 1
239 1
1687 1
1858 1
1991 1
1760 1
1332 1
1902 1
682 1
117 1
534 1
1499 1
460 1
479 1
1852 1
328 1
47 1
119 1
183 1
1753 1
78 1
884 1
928 1
113 1
137 1
532 1
135 1
1354 1
1403 1
1749 1
1957 1
492 1
1942 1
1942 1
898 1
1186 1
1225 1
1245 1
856 1
1196 1
477 1
1410 1
1519 1
1922 1
1599 1
1645 1
1302 1
726 1
337 1
302 1
952 1
1582 1
77 1
1898 1
1652 1
912 1
847 1
380 1
1622 1
814 1
792 1
225 1
572 1
499 1
818 1
430 1
978 1
1127 1
1240 1
1855 1
1888 1
1740 1
504 1
270 1
1541 1
17 1
947 1
737 1
1859 1
1959 1
50 1
338 1
1116 1
1421 1
1286 1
750 1
1036 1
1266 1
1459 1
1539 1
1686 1
106 1
1671 1
331 1
1745 1
1092 1
1465 1
636 1
1267 1
1622 1
231 1
1494 1
1969 1
102 1
894 1
1477 1
1571 1
200 1
263 1
564 1
733 1
1489 1
1674 1
571 1
1951 1
1545 1
1004 1
1658 1
107 1
1526 1
487 1
1997 1
540 1
1189 1
1222 1
1234 1
1534 1
111 1
203 1
1108 1
1064 1
303 1
228 1
730 1
1180 1
361 1
543 1
123 1
1213 1
1212 1
382 1
121 1
1249 1
949 1
1834 1
1562 1
1560 1
1076 1
17 1
642 1
344 1
1599 1
1087 1
295 1
351 1
1819 1
1658 1
1509 1
431 1
534 1
996 1
1096 1
773 1
1645 1
439 1
1346 1
1677 1
1174 1
1615 1
171 1
871 1
1739 1
578 1
1905 1
1739 1
1701 1
536 1
790 1
1904 1
603 1
1220 1
1270 1
1690 1
1815 1
150 1
1582 1
274 1
645 1
1785 1
406 1
1035 1
1288 1
1931 1
1777 1
1114 1
1263 1
454 1
954 1
99 1
937 1
1294 1
1844 1
572 1
638 1
1009 1
1847 1
254 1
405 1
1945 1
1350 1
960 1
1892 1
1904 1
51 1
339 1
575 1
203 1
477 1
1194 1
1699 1
550 1
1118 1
930 1
1299 1
1381 1
1294 1
49 1
1350 1
1493 1
586 1
838 1
476 1
1199 1
1511 1
105 1
1458 1
418 1
1531 1
760 1
870 1
975 1
1314 1
367 1
1484 1
1278 1
1658 1
553 1
1686 1
1965 1
1714 1
1106 1
1170 1
547 1
340 1
1189 1
1066 1
39 1
331 1
242 1
1406 1
1270 1
805 1
1484 1
727 1
879 1
724 1
1275 1
1682 1
1940 1
1667 1
1607 1
1198 1
1072 1
1297 1
1721 1
1402 1
978 1
801 1
107 1
1161 1
594 1
1587 1
1386 1
282 1
553 1
1376 1
949 1
933 1
1107 1
456 1
208 1
473 1
1103 1
1831 1
1182 1
1268 1
194 1
1346 1
1964 1
776 1
896 1
1861 1
1197 1
915 1
1815 1
1944 1
209 1
1375 1
1999 1
746 1
1007 1
1682 1
1877 1
1903 1
1509 1
1088 1
1595 1
1480 1
247 1
1288 1
1150 1
5 1
979 1
1951 1
1100 1
796 1
1221 1
1257 1
202 1
88 1
231 1
1683 1
1922 1
1717 1
935 1
1205 1
719 1
1050 1
1255 1
479 1
1058 1
749 1
328 1
1974 1
337 1
403 1
587 1
1672 1
881 1
166 1
584 1
5 1
933 1
1973 1
931 1
1755 1
844 1
1094 1
757 1
1142 1
1477 1
1128 1
896 1
108 1
1349 1
1890 1
1934 1
1602 1
1172 1
1332 1
1060 1
1406 1
135 1
504 1
515 1
956 1
925 1
787 1
1029 1
1101 1
1156 1
1717 1
524 1
710 1
132 1
951 1
1275 1
1369 1
175 1
302 1
266 1
1967 1
1393 1
1925 1
921 1
1882 1
1868 1
1917 1
1566 1
1797 1
852 1
15 1
1831 1
696 1
589 1
1086 1
1247 1
1931 1
1963 1
1048 1
1337 1
1365 1
1476 1
1957 1
115 1
596 1
652 1
371 1
1161 1
1522 1
61 1
696 1
1306 1
635 1
786 1
886 1
304 1
1219 1
1152 1
1332 1
1012 1
156 1
587 1
1145 1
730 1
155 1
1222 1
1312 1
1786 1
625 1
669 1
729 1
928 1
1783 1
597 1
832 1
1248 1
555 1
1660 1
263 1
756 1
567 1
1195 1
91 1
589 1
1601 1
439 1
452 1
664 1
1378 1
1680 1
850 1
277 1
362 1
1212 1
639 1
144 1
764 1
1784 1
246 1
331 1
72 1
1607 1
1703 1
1056 1
1722 1
1937 1
232 1
1422 1
206 1
658 1
327 1
921 1
1562 1
759 1
1038 1
1350 1
1768 1
433 1
1519 1
873 1
1541 1
1710 1
1956 1
1949 1
436 1
1243 1
1833 1
489 1
1027 1
342 1
56 1
1555 1
1789 1
81 1
401 1
372 1
1558 1
390 1
843 1
1284 1
161 1
210 1
1544 1
1258 1
175 1
1957 1
892 1
1767 1
306 1
1013 1
1676 1
1730 1
1829 1
24 1
169 1
951 1
1112 1
705 1
1845 1
51 1
1349 1
631 1
1857 1
1042 1
1078 1
1426 1
1550 1
490 1
587 1
414 1
1367 1
1032 1
1744 1
417 1
711 1
13 1
41 1
958 1
1033 1
1498 1
1842 1
147 1
315 1
1212 1
659 1
1767 1
235 1
358 1
1335 1
1607 1
1442 1
222 1
1239 1
1077 1
761 1
241 1
291 1
287 1
959 1
828 1
1019 1
1055 1
1128 1
1225 1
1841 1
200 1
204 1
1075 1
1195 1
1394 1
1342 1
1063 1
1681 1
299 1
499 1
731 1
1177 1
1445 1
1526 1
1602 1
1826 1
86 1
715 1
1261 1
1278 1
1334 1
1053 1
931 1
1353 1
1622 1
1713 1
1898 1
1902 1
737 1
452 1
125 1
222 1
1604 1
691 1
1157 1
1262 1
1891 1
492 1
752 1
1815 1
639 1
777 1
1493 1
1952 1
212 1
222 1
1357 1
1251 1
48 1
1862 1
236 1
585 1
734 1
1769 1
1757 1
495 1
867 1
1636 1
445 1
1929 1
1340 1
1410 1
1429 1
617 1
1587 1
959 1
1879 1
302 1
870 1
1469 1
183 1
247 1
273 1
283 1
1145 1
491 1
1018 1
1418 1
617 1
1608 1
796 1
282 1
962 1
1727 1
290 1
308 1
337 1
1037 1
1146 1
1766 1
564 1
675 1
1900 1
921 1
1216 1
1628 1
527 1
1337 1
1855 1
317 1
634 1
1979 1
439 1
873 1
1470 1
70 1
89 1
394 1
703 1
1873 1
76 1
1618 1
1662 1
1839 1
428 1
624 1
762 1
1330 1
897 1
843 1
1215 1
164 1
895 1
1551 1
547 1
1447 1
1150 1
795 1
1907 1
470 1
1449 1
1330 1
1020 1
635 1
1706 1
1406 1
1596 1
1961 1
164 1
90 1
1752 1
942 1
1356 1
279 1
1533 1
1748 1
966 1
1261 1
1387 1
1753 1
1820 1
1981 1
380 1
459 1
1666 1
1540 1
7 1
792 1
1096 1
1543 1
1628 1
1969 1
366 1
426 1
1810 1
138 1
1757 1
275 1
1482 1
727 1
418 1
1044 1
320 1
718 1
597 1
1690 1
970 1
1767 1
869 1
1734 1
564 1
1394 1
1537 1
1847 1
1230 1
1298 1
56 1
124 1
136 1
679 1
430 1
1229 1
1318 1
252 1
1648 1
1682 1
1090 1
1691 1
342 1
784 1
655 1
398 1
980 1
1221 1
539 1
263 1
857 1
937 1
1 1
814 1
1290 1
636 1
1002 1
1264 1
1378 1
1588 1
459 1
540 1
779 1
803 1
1797 1
771 1
882 1
708 1
986 1
1117 1
1348 1
171 1
226 1
237 1
238 1
1123 1
134 1
29 1
1338 1
461 1
1869 1
381 1
920 1
1047 1
1444 1
554 1
803 1
622 1
1344 1
1408 1
236 1
374 1
1036 1
1221 1
1646 1
138 1
1632 1
929 1
698 1
1377 1
1689 1
73 1
1474 1
1352 1
1307 1
478 1
799 1
795 1
1940 1
939 1
985 1
1174 1
1373 1
1445 1
253 1
1361 1
695 1
1338 1
1881 1
926 1
1961 1
508 1
595 1
614 1
881 1
1080 1
1412 1
1918 1
475 1
1199 1
1947 1
341 1
855 1
584 1
498 1
1040 1
136 1
1320 1
1907 1
1325 1
1759 1
1824 1
1996 1
232 1
357 1
1502 1
1901 1
1853 1
1987 1
190 1
1033 1
1625 1
251 1
1288 1
1090 1
1504 1
1576 1
1865 1
1951 1
288 1
41 1
920 1
275 1
1317 1
655 1
794 1
1192 1
1808 1
881 1
56 1
1396 1
1263 1
497 1
1387 1
1271 1
936 1
1141 1
528 1
637 1
376 1
290 1
530 1
845 1
656 1
385 1
1644 1
1055 1
944 1
1634 1
1651 1
1715 1
902 1
883 1
425 1
935 1
1409 1
1912 1
376 1
1574 1
636 1
1108 1
1371 1
1522 1
1831 1
831 1
425 1
1715 1
447 1
642 1
1719 1
1747 1
1745 1
441 1
555 1
1214 1
1233 1
1448 1
1482 1
128 1
448 1
1485 1
535 1
1151 1
1583 1
520 1
224 1
1792 1
1618 1
1001 1
373 1
210 1
1759 1
1197 1
1474 1
753 1
1466 1
1717 1
221 1
1272 1
1563 1
1620 1
1430 1
1052 1
889 1
1693 1
1340 1
821 1
956 1
489 1
1940 1
42 1
845 1
730 1
994 1
1417 1
1480 1
1519 1
1778 1
1699 1
1241 1
940 1
1938 1
1950 1
110 1
281 1
1216 1
1302 1
1693 1
990 1
1750 1
66 1
591 1
1084 1
385 1
1106 1
376 1
425 1
1700 1
493 1
1205 1
1511 1
1624 1
560 1
1283 1
1476 1
690 1
1053 1
1328 1
1904 1
1059 1
1370 1
1862 1
103 1
222 1
263 1
1206 1
1982 1
1761 1
261 1
590 1
1969 1
1727 1
1793 1
1095 1
1108 1
1169 1
164 1
1057 1
332 1
1101 1
47 1
1034 1
1562 1
1665 1
1819 1
777 1
741 1
1665 1
898 1
1513 1
714 1
1360 1
413 1
141 1
226 1
348 1
421 1
619 1
832 1
861 1
817 1
1910 1
1106 1
1737 1
846 1
846 1
226 1
22 1
1261 1
1351 1
1937 1
352 1
1961 1
654 1
1218 1
1455 1
1759 1
1474 1
108 1
1109 1
1116 1
63 1
1538 1
1638 1
1804 1
1894 1
733 1
1234 1
1130 1
601 1
1718 1
1904 1
1455 1
723 1
386 1
1789 1
1741 1
1993 1
263 1
1905 1
1495 1
315 1
1191 1
554 1
807 1
1767 1
1715 1
650 1
1143 1
1110 1
1353 1
1714 1
1900 1
351 1
793 1
1975 1
1225 1
1881 1
1051 1
1793 1
1863 1
1144 1
1659 1
1824 1
105 1
322 1
588 1
1017 1
1277 1
121 1
1044 1
984 1
1959 1
1172 1
404 1
845 1
1064 1
969 1
1120 1
1088 1
568 1
1873 1
490 1
1893 1
1520 1
1781 1
1839 1
1970 1
1932 1
101 1
505 1
1555 1
908 1
1773 1
1884 1
180 1
962 1
614 1
1605 1
1312 1
1359 1
1226 1
400 1
523 1
765 1
1521 1
362 1
423 1
1919 1
1680 1
1785 1
915 1
1190 1
1949 1
788 1
1803 1
1967 1
13 1
1408 1
131 1
326 1
580 1
768 1
691 1
1090 1
1192 1
1213 1
229 1
604 1
1418 1
1339 1
677 1
1110 1
1694 1
1435 1
1253 1
738 1
451 1
1210 1
775 1
1295 1
1078 1
145 1
1564 1
471 1
1276 1
421 1
918 1
1614 1
1762 1
6 1
1582 1
939 1
75 1
19 1
1161 1
14 1
225 1
1356 1
589 1
696 1
139 1
974 1
1534 1
1926 1
1643 1
712 1
806 1
1466 1
814 1
204 1
796 1
1388 1
1111 1
1718 1
901 1
819 1
1778 1
1619 1
1732 1
94 1
520 1
1175 1
647 1
1853 1
349 1
80 1
1437 1
268 1
1021 1
1421 1
1492 1
727 1
1740 1
1177 1
1496 1
1579 1
234 1
558 1
624 1
1453 1
1037 1
1090 1
1126 1
1439 1
30 1
196 1
1565 1
154 1
1657 1
1853 1
1879 1
830 1
1496 1
1076 1
1923 1
60 1
83 1
1820 1
143 1
1889 1
918 1
1152 1
1466 1
1852 1
1842 1
6 1
1057 1
743 1
903 1
314 1
422 1
580 1
290 1
1723 1
1029 1
1489 1
1587 1
1729 1
663 1
1996 1
1168 1
224 1
432 1
1431 1
778 1
967 1
1524 1
41 1
189 1
704 1
716 1
462 1
504 1
777 1
1953 1
1247 1
1316 1
649 1
843 1
1579 1
117 1
204 1
474 1
1513 1
1606 1
1671 1
402 1
576 1
471 1
1601 1
1798 1
1213 1
1628 1
1595 1
882 1
231 1
1288 1
225 1
819 1
1404 1
1680 1
624 1
1070 1
1660 1
892 1
1214 1
1991 1
1819 1
613 1
909 1
1135 1
1928 1
551 1
1165 1
1287 1
424 1
82 1
1456 1
1380 1
1110 1
1910 1
591 1
559 1
1220 1
864 1
408 1
1425 1
45 1
139 1
638 1
904 1
1822 1
1331 1
1237 1
1714 1
519 1
1001 1
1296 1
1072 1
1698 1
513 1
1441 1
1370 1
654 1
591 1
1144 1
921 1
239 1
287 1
1891 1
1154 1
1327 1
65 1
82 1
233 1
344 1
543 1
1210 1
122 1
1566 1
1651 1
964 1
868 1
704 1
1021 1
1150 1
1993 1
290 1
1200 1
1012 1
1160 1
66 1
1105 1
1497 1
1061 1
1341 1
1561 1
930 1
890 1
875 1
1199 1
1510 1
367 1
631 1
235 1
1053 1
1782 1
813 1
1882 1
798 1
722 1
737 1
773 1
1015 1
912 1
1698 1
523 1
1675 1
1071 1
1099 1
397 1
1405 1
1936 1
1201 1
497 1
542 1
159 1
1506 1
947 1
1016 1
170 1
440 1
718 1
1166 1
216 1
1292 1
1441 1
564 1
1176 1
805 1
1925 1
616 1
1293 1
1518 1
1036 1
730 1
1454 1
647 1
1107 1
446 1
801 1
1435 1
124 1
935 1
1084 1
688 1
918 1
1390 1
1457 1
1190 1
441 1
758 1
713 1
1442 1
1166 1
1623 1
1601 1
488 1
713 1
700 1
40 1
1238 1
1522 1
1748 1
286 1
578 1
1105 1
201 1
585 1
710 1
929 1
819 1
969 1
1648 1
1815 1
816 1
1442 1
1780 1
477 1
684 1
113 1
793 1
1081 1
1873 1
8 1
1456 1
1546 1
1713 1
548 1
803 1
876 1
108 1
501 1
833 1
1090 1
274 1
52 1
1766 1
996 1
1665 1
1051 1
1086 1
1179 1
220 1
782 1
1942 1
1257 1
610 1
1073 1
1085 1
1336 1
1621 1
1436 1
818 1
1952 1
1259 1
480 1
948 1
1770 1
1794 1
1357 1
1667 1
1853 1
636 1
658 1
924 1
517 1
945 1
1004 1
671 1
700 1
1401 1
586 1
1001 1
1136 1
1431 1
1653 1
1802 1
196 1
356 1
1641 1
1068 1
342 1
1207 1
1972 1
720 1
745 1
216 1
1084 1
653 1
1734 1
46 1
283 1
130 1
1693 1
1947 1
1277 1
684 1
1582 1
1325 1
1977 1
1899 1
254 1
1586 1
29 1
602 1
718 1
831 1
615 1
1005 1
1252 1
11 1
573 1
101 1
1050 1
549 1
749 1
44 1
1675 1
58 1
161 1
340 1
753 1
768 1
616 1
974 1
1290 1
1544 1
686 1
445 1
1144 1
44 1
1351 1
479 1
1154 1
1298 1
1560 1
157 1
309 1
865 1
1066 1
771 1
1458 1
966 1
1437 1
1547 1
1277 1
995 1
1130 1
509 1
915 1
1452 1
1001 1
1631 1
1639 1
1958 1
1308 1
1901 1
1 1
783 1
58 1
1628 1
962 1
1218 1
1523 1
1588 1
109 1
110 1
505 1
1456 1
895 1
1747 1
1809 1
1070 1
635 1
1431 1
1358 1
392 1
861 1
935 1
317 1
445 1
1418 1
1731 1
27 1
133 1
279 1
597 1
787 1
1887 1
475 1
507 1
154 1
1424 1
1276 1
592 1
88 1
545 1
27 1
152 1
355 1
140 1
1369 1
1729 1
434 1
879 1
959 1
1626 1
121 1
1248 1
593 1
691 1
1030 1
1117 1
1203 1
56 1
496 1
1323 1
97 1
1972 1
1355 1
1230 1
698 1
656 1
978 1
978 1
1989 1
708 1
429 1
120 1
1754 1
1382 1
1504 1
792 1
574 1
1144 1
1505 1
1520 1
536 1
1808 1
1894 1
1404 1
1813 1
1828 1
286 1
1111 1
1557 1
1305 1
1875 1
195 1
528 1
1725 1
860 1
1124 1
1540 1
632 1
1015 1
1176 1
54 1
364 1
570 1
803 1
548 1
158 1
1719 1
1829 1
120 1
1789 1
189 1
796 1
30 1
541 1
1230 1
123 1
1119 1
1284 1
1285 1
1351 1
1633 1
1743 1
1852 1
472 1
32 1
243 1
1295 1
8 1
303 1
1219 1
83 1
534 1
6 1
1074 1
834 1
1396 1
1414 1
214 1
1974 1
1462 1
1102 1
1013 1
1913 1
1003 1
325 1
302 1
1801 1
325 1
477 1
527 1
359 1
832 1
1457 1
963 1
138 1
571 1
675 1
941 1
250 1
162 1
1017 1
1085 1
1720 1
1121 1
1965 1
1064 1
998 1
998 1
1578 1
1840 1
523 1
140 1
1504 1
1360 1
1890 1
305 1
544 1
593 1
1692 1
1096 1
910 1
964 1
949 1
158 1
825 1
473 1
794 1
993 1
1785 1
1422 1
607 1
1567 1
948 1
1326 1
665 1
374 1
956 1
1471 1
156 1
1798 1
619 1
1502 1
1873 1
1186 1
1241 1
1357 1
705 1
1374 1
76 1
186 1
1704 1
1316 1
1247 1
1082 1
346 1
685 1
1860 1
1984 1
175 1
378 1
98 1
1029 1
498 1
519 1
184 1
1204 1
1794 1
916 1
728 1
231 1
248 1
349 1
744 1
992 1
1712 1
113 1
163 1
1261 1
1016 1
1078 1
1388 1
278 1
921 1
1672 1
984 1
625 1
1014 1
1445 1
1718 1
924 1
1041 1
859 1
997 1
1635 1
90 1
1965 1
770 1
382 1
1563 1
1283 1
483 1
753 1
418 1
1913 1
781 1
476 1
1585 1
885 1
915 1
1075 1
1555 1
1606 1
1559 1
1353 1
1507 1
1556 1
1532 1
78 1
1242 1
1649 1
1957 1
613 1
40 1
11 1
1414 1
450 1
1816 1
740 1
458 1
1707 1
1738 1
177 1
1378 1
1165 1
1175 1
419 1
893 1
39 1
1010 1
718 1
1630 1
91 1
562 1
975 1
1433 1
1289 1
1084 1
1528 1
330 1
286 1
1533 1
1515 1
240 1
748 1
534 1
359 1
1157 1
1589 1
811 1
638 1
749 1
598 1
1401 1
1594 1
1915 1
347 1
407 1
842 1
481 1
1160 1
182 1
1266 1
386 1
243 1
682 1
800 1
659 1
927 1
1119 1
1960 1
772 1
887 1
1590 1
551 1
346 1
1383 1
376 1
555 1
737 1
1349 1
1204 1
533 1
356 1
636 1
1148 1
1148 1
808 1
242 1
1982 1
1157 1
463 1
1754 1
1016 1
1552 1
1923 1
747 1
79 1
1670 1
378 1
618 1
1227 1
1422 1
860 1
272 1
786 1
554 1
1773 1
274 1
534 1
16 1
1761 1
1930 1
494 1
1763 1
373 1
28 1
1270 1
1599 1
267 1
476 1
614 1
798 1
1301 1
1765 1
483 1
725 1
571 1
1416 1
1452 1
1549 1
612 1
1907 1
1771 1
213 1
1111 1
1646 1
957 1
710 1
1996 1
1333 1
1941 1
941 1
857 1
465 1
1347 1
829 1
1178 1
430 1
758 1
838 1
919 1
1170 1
372 1
509 1
1456 1
1424 1
1624 1
69 1
818 1
753 1
1618 1
1597 1
345 1
551 1
735 1
104 1
841 1
891 1
1953 1
1918 1
1417 1
1966 1
12 1
711 1
1078 1
616 1
214 1
1788 1
1515 1
838 1
310 1
1151 1
1679 1
607 1
717 1
1972 1
1903 1
1518 1
1907 1
1997 1
34 1
176 1
1446 1
1269 1
917 1
1726 1
1226 1
755 1
1898 1
43 1
283 1
668 1
861 1
998 1
430 1
531 1
1125 1
1517 1
294 1
605 1
129 1
1866 1
1207 1
1713 1
1796 1
197 1
694 1
962 1
1406 1
92 1
1880 1
469 1
1663 1
48 1
1667 1
578 1
950 1
264 1
1127 1
420 1
1201 1
1752 1
112 1
149 1
308 1
268 1
1090 1
1136 1
1216 1
1588 1
1994 1
968 1
902 1
122 1
72 1
1382 1
1485 1
1923 1
922 1
173 1
1490 1
1371 1
1663 1
1764 1
1954 1
568 1
910 1
1424 1
697 1
1308 1
1657 1
1823 1
943 1
574 1
472 1
1165 1
1859 1
478 1
990 1
529 1
1225 1
16 1
1021 1
1099 1
754 1
323 1
1213 1
341 1
889 1
672 1
382 1
340 1
1692 1
1812 1
330 1
506 1
752 1
1320 1
611 1
1423 1
1595 1
1883 1
49 1
874 1
1058 1
1848 1
747 1
1014 1
67 1
170 1
1336 1
1857 1
307 1
1092 1
535 1
1096 1
45 1
806 1
1449 1
1566 1
937 1
1576 1
446 1
1564 1
1612 1
1699 1
131 1
1113 1
1008 1
1469 1
1366 1
6 1
438 1
588 1
1467 1
835 1
951 1
1030 1
929 1
997 1
943 1
1747 1
724 1
462 1
941 1
1161 1
1190 1
500 1
477 1
673 1
1598 1
706 1
261 1
861 1
1278 1
1900 1
1970 1
1206 1
285 1
791 1
812 1
940 1
1069 1
1229 1
887 1
870 1
1514 1
62 1
171 1
1872 1
354 1
1680 1
332 1
1549 1
1079 1
660 1
1812 1
75 1
1755 1
1999 1
287 1
714 1
1438 1
598 1
125 1
1991 1
41 1
634 1
621 1
1489 1
840 1
1211 1
1479 1
675 1
1080 1
784 1
1951 1
1000 1
1246 1
1584 1
257 1
490 1
8 1
1758 1
1288 1
1201 1
24 1
1075 1
1811 1
922 1
1995 1
708 1
1597 1
1920 1
1142 1
1431 1
55 1
421 1
718 1
841 1
1158 1
992 1
294 1
1828 1
273 1
701 1
178 1
1586 1
1536 1
1789 1
445 1
1910 1
1651 1
1647 1
1704 1
1835 1
1958 1
550 1
917 1
934 1
1642 1
1760 1
31 1
1184 1
1433 1
529 1
835 1
693 1
845 1
262 1
267 1
630 1
928 1
195 1
1361 1
700 1
1243 1
668 1
820 1
1623 1
840 1
1296 1
1810 1
242 1
522 1
848 1
180 1
179 1
451 1
1518 1
1856 1
856 1
1744 1
871 1
906 1
1292 1
1512 1
1751 1
23 1
882 1
982 1
15 1
1049 1
1292 1
1560 1
1370 1
745 1
1146 1
1824 1
33 1
298 1
1082 1
468 1
1897 1
683 1
1605 1
234 1
519 1
239 1
492 1
1732 1
248 1
1267 1
262 1
659 1
849 1
614 1
1432 1
1439 1
796 1
975 1
1772 1
640 1
688 1
335 1
1136 1
1406 1
1615 1
200 1
407 1
1036 1
987 1
1502 1
1149 1
1432 1
1626 1
352 1
861 1
1381 1
204 1
1512 1
52 1
82 1
1385 1
997 1
352 1
1943 1
1653 1
1511 1
1914 1
372 1
797 1
1150 1
52 1
1691 1
405 1
984 1
162 1
407 1
1818 1
526 1
1064 1
1193 1
1754 1
887 1
298 1
1798 1
1192 1
1718 1
144 1
418 1
1068 1
656 1
510 1
1603 1
1236 1
1251 1
1263 1
716 1
753 1
412 1
1891 1
1295 1
1384 1
603 1
1763 1
482 1
349 1
112 1
180 1
850 1
963 1
1212 1
582 1
1387 1
280 1
425 1
503 1
1234 1
1443 1
1177 1
385 1
1843 1
1943 1
1238 1
1462 1
1516 1
42 1
318 1
548 1
1968 1
62 1
404 1
904 1
476 1
1767 1
121 1
1118 1
1069 1
949 1
1827 1
1488 1
1531 1
636 1
552 1
1189 1
1939 1
1548 1
1185 1
427 1
159 1
1217 1
348 1
319 1
1452 1
1232 1
1558 1
1630 1
329 1
1442 1
816 1
1614 1
715 1
1855 1
1100 1
596 1
507 1
508 1
856 1
1781 1
1571 1
1945 1
167 1
858 1
912 1
960 1
980 1
1262 1
729 1
769 1
1321 1
403 1
1494 1
1639 1
1112 1
772 1
1744 1
1990 1
1863 1
1681 1
1650 1
409 1
1039 1
1039 1
1362 1
1237 1
1541 1
1650 1
1119 1
1878 1
1494 1
1695 1
1772 1
316 1
528 1
779 1
1123 1
915 1
1229 1
707 1
1399 1
1533 1
435 1
824 1
1462 1
1577 1
1059 1
1967 1
728 1
890 1
434 1
1633 1
1607 1
1475 1
961 1
913 1
1159 1
1964 1
229 1
334 1
635 1
1880 1
1580 1
1276 1
115 1
364 1
1798 1
524 1
718 1
1194 1
1720 1
1909 1
40 1
1040 1
760 1
1032 1
1245 1
1968 1
1846 1
1401 1
1101 1
468 1
1539 1
1154 1
258 1
1034 1
916 1
1161 1
1890 1
1313 1
1459 1
433 1
699 1
877 1
1160 1
1985 1
1086 1
726 1
528 1
1411 1
1454 1
231 1
436 1
5 1
222 1
1914 1
1203 1
1358 1
1456 1
34 1
1485 1
1709 1
905 1
1073 1
110 1
445 1
1028 1
1892 1
1942 1
925 1
932 1
1509 1
142 1
62 1
260 1
1545 1
1204 1
1397 1
1531 1
1603 1
1792 1
1798 1
63 1
491 1
894 1
1696 1
1900 1
1728 1
1941 1
840 1
1858 1
28 1
1053 1
693 1
1172 1
1460 1
373 1
627 1
381 1
1996 1
1475 1
717 1
1170 1
505 1
860 1
485 1
529 1
1463 1
328 1
1438 1
108 1
677 1
803 1
590 1
501 1
1989 1
307 1
884 1
1028 1
1544 1
1633 1
926 1
1934 1
984 1
1712 1
1875 1
83 1
461 1
886 1
1132 1
516 1
483 1
756 1
1474 1
1052 1
1272 1
1196 1
1882 1
1874 1
941 1
1399 1
1952 1
669 1
1520 1
1427 1
1845 1
370 1
702 1
195 1
240 1
1228 1
116 1
1375 1
1244 1
1246 1
56 1
1105 1
1610 1
1775 1
217 1
1139 1
262 1
1817 1
1996 1
610 1
1006 1
390 1
649 1
487 1
1303 1
270 1
1359 1
1222 1
328 1
122 1
173 1
622 1
1351 1
1451 1
1383 1
667 1
694 1
1138 1
1488 1
1963 1
1781 1
1359 1
209 1
1086 1
930 1
868 1
854 1
1249 1
589 1
1541 1
1596 1
1841 1
1922 1
522 1
814 1
1126 1
870 1
1586 1
1457 1
1125 1
1887 1
1656 1
1585 1
1685 1
181 1
401 1
1524 1
687 1
1156 1
1222 1
1288 1
1298 1
732 1
754 1
1471 1
313 1
1622 1
126 1
487 1
1178 1
1289 1
650 1
1784 1
704 1
827 1
1643 1
1810 1
144 1
697 1
1651 1
1409 1
1668 1
144 1
367 1
690 1
807 1
918 1
1834 1
1515 1
556 1
916 1
218 1
1440 1
1661 1
1098 1
1612 1
1068 1
923 1
156 1
633 1
1310 1
340 1
1250 1
1310 1
292 1
975 1
1163 1
1238 1
396 1
1038 1
1819 1
1167 1
1011 1
1422 1
1811 1
1873 1
710 1
836 1
1440 1
1905 1
1420 1
839 1
1758 1
1089 1
1497 1
1867 1
1889 1
1065 1
950 1
1737 1
1705 1
246 1
43 1
214 1
1395 1
1607 1
199 1
1305 1
1849 1
574 1
1521 1
53 1
873 1
914 1
1457 1
1955 1
533 1
1286 1
275 1
1095 1
1625 1
1508 1
1703 1
734 1
750 1
1130 1
531 1
670 1
670 1
870 1
1075 1
900 1
1461 1
1593 1
823 1
903 1
1735 1
135 1
1630 1
1559 1
1569 1
1605 1
1663 1
1849 1
509 1
778 1
1618 1
489 1
1649 1
1428 1
1568 1
292 1
834 1
773 1
443 1
1069 1
1775 1
158 1
1346 1
1139 1
847 1
966 1
1766 1
421 1
428 1
728 1
989 1
1282 1
428 1
1644 1
1669 1
1949 1
383 1
907 1
680 1
392 1
1249 1
1357 1
800 1
792 1
708 1
1815 1
1790 1
1971 1
1187 1
667 1
1194 1
729 1
1353 1
1374 1
1694 1
1409 1
1976 1
498 1
1801 1
1723 1
320 1
857 1
1074 1
753 1
649 1
1449 1
1707 1
866 1
1062 1
1609 1
374 1
204 1
1366 1
1458 1
1481 1
1043 1
1720 1
170 1
9 1
1610 1
1891 1
471 1
527 1
1182 1
79 1
1505 1
1611 1
1090 1
1150 1
1517 1
1779 1
790 1
310 1
323 1
481 1
987 1
789 1
1686 1
977 1
1400 1
1778 1
581 1
1140 1
343 1
65 1
1405 1
1473 1
1919 1
1865 1
823 1
1621 1
1636 1
850 1
1131 1
667 1
481 1
1245 1
393 1
47 1
45 1
536 1
1692 1
57 1
1127 1
1692 1
1932 1
909 1
350 1
1148 1
1383 1
1133 1
933 1
1203 1
1434 1
585 1
752 1
133 1
1520 1
1547 1
331 1
1810 1
656 1
833 1
453 1
109 1
1006 1
1280 1
1332 1
493 1
1024 1
1907 1
1501 1
1642 1
507 1
739 1
1107 1
1183 1
622 1
1688 1
199 1
574 1
650 1
1705 1
1234 1
1157 1
1366 1
402 1
575 1
1096 1
1183 1
1995 1
897 1
1008 1
611 1
724 1
362 1
730 1
974 1
415 1
671 1
1191 1
1220 1
8 1
1271 1
87 1
239 1
515 1
1778 1
1202 1
763 1
322 1
1127 1
411 1
1596 1
262 1
1493 1
956 1
1807 1
608 1
1510 1
872 1
1531 1
1428 1
1933 1
590 1
629 1
710 1
576 1
1998 1
142 1
294 1
1583 1
1705 1
1843 1
708 1
1398 1
942 1
1669 1
1953 1
444 1
205 1
742 1
492 1
1591 1
945 1
1608 1
1316 1
510 1
1734 1
1362 1
1547 1
85 1
476 1
757 1
1014 1
783 1
846 1
1487 1
598 1
1144 1
535 1
1673 1
760 1
578 1
683 1
815 1
421 1
1127 1
258 1
794 1
287 1
1535 1
364 1
378 1
1951 1
276 1
381 1
659 1
1382 1
1034 1
186 1
661 1
404 1
1115 1
1603 1
702 1
451 1
1851 1
1896 1
1946 1
464 1
1061 1
477 1
1899 1
90 1
695 1
680 1
1046 1
1363 1
816 1
1249 1
1705 1
249 1
1178 1
449 1
597 1
828 1
42 1
1397 1
441 1
1725 1
0 1
260 1
1401 1
720 1
1777 1
1526 1
696 1
1761 1
875 1
1155 1
385 1
971 1
859 1
963 1
1944 1
1618 1
953 1
1524 1
692 1
757 1
1088 1
333 1
131 1
1496 1
392 1
403 1
208 1
1849 1
191 1
1503 1
1849 1
1755 1
35 1
1241 1
1405 1
57 1
1793 1
1219 1
260 1
1357 1
536 1
1554 1
500 1
837 1
490 1
1018 1
741 1
987 1
81 1
270 1
987 1
1964 1
423 1
659 1
1210 1
1889 1
1948 1
1453 1
1816 1
905 1
1294 1
1412 1
96 1
707 1
812 1
1098 1
682 1
1194 1
901 1
1319 1
1030 1
1196 1
1360 1
1556 1
1327 1
1608 1
3 1
159 1
794 1
959 1
15 1
1312 1
375 1
482 1
616 1
553 1
925 1
1111 1
1110 1
1887 1
549 1
927 1
122 1
5 1
221 1
33 1
515 1
689 1
1287 1
625 1
684 1
1609 1
1637 1
1732 1
873 1
988 1
1128 1
1903 1
218 1
910 1
1469 1
1108 1
1880 1
1709 1
409 1
697 1
579 1
409 1
1423 1
1637 1
1677 1
615 1
1194 1
961 1
789 1
1780 1
113 1
334 1
688 1
1426 1
1390 1
1975 1
140 1
1365 1
1992 1
231 1
1047 1
443 1
1608 1
652 1
834 1
1386 1
1998 1
1186 1
1727 1
1594 1
284 1
319 1
314 1
1856 1
1374 1
1209 1
982 1
1872 1
175 1
385 1
727 1
1940 1
304 1
271 1
1573 1
802 1
513 1
965 1
1072 1
355 1
24 1
1850 1
1724 1
1817 1
1567 1
1580 1
1864 1
141 1
297 1
1202 1
1202 1
550 1
1339 1
354 1
403 1
640 1
1663 1
1624 1
157 1
1290 1
1420 1
729 1
865 1
1395 1
1160 1
1450 1
1606 1
1615 1
353 1
403 1
458 1
1918 1
691 1
269 1
381 1
1636 1
1344 1
1726 1
1988 1
897 1
1008 1
1259 1
1782 1
229 1
1506 1
44 1
813 1
14 1
1899 1
13 1
790 1
296 1
1976 1
1464 1
1288 1
1870 1
373 1
809 1
1077 1
1429 1
227 1
242 1
537 1
538 1
1145 1
1784 1
1346 1
1681 1
610 1
1929 1
1816 1
1580 1
1788 1
378 1
976 1
1616 1
1746 1
1734 1
1436 1
280 1
1347 1
120 1
1502 1
310 1
954 1
1433 1
809 1
1430 1
285 1
1004 1
1976 1
1888 1
1463 1
1676 1
1289 1
913 1
1381 1
1779 1
2 1
78 1
637 1
838 1
55 1
1679 1
1558 1
1605 1
1796 1
227 1
1948 1
472 1
53 1
79 1
592 1
777 1
780 1
604 1
1734 1
1460 1
341 1
909 1
1726 1
302 1
644 1
717 1
728 1
1241 1
452 1
1574 1
67 1
472 1
530 1
173 1
1751 1
1050 1
1473 1
1617 1
289 1
757 1
507 1
341 1
1366 1
90 1
751 1
1884 1
68 1
1738 1
1859 1
69 1
157 1
559 1
1079 1
943 1
186 1
1635 1
1768 1
603 1
725 1
774 1
1860 1
31 1
805 1
372 1
797 1
231 1
1420 1
223 1
413 1
871 1
522 1
1310 1
766 1
830 1
1632 1
917 1
307 1
1741 1
1764 1
1891 1
1976 1
25 1
755 1
1691 1
1502 1
573 1
431 1
1579 1
1922 1
1365 1
1664 1
799 1
1315 1
19 1
1650 1
129 1
1877 1
1446 1
1806 1
676 1
703 1
1217 1
1321 1
1637 1
1741 1
112 1
606 1
1052 1
1324 1
1400 1
330 1
1347 1
1347 1
397 1
1929 1
367 1
796 1
1038 1
1468 1
716 1
746 1
686 1
689 1
1480 1
737 1
961 1
1188 1
987 1
846 1
1571 1
1765 1
163 1
802 1
1934 1
1637 1
1400 1
519 1
758 1
1022 1
1223 1
1819 1
856 1
1586 1
648 1
131 1
1845 1
618 1
977 1
528 1
217 1
1696 1
405 1
878 1
375 1
782 1
1758 1
1966 1
312 1
574 1
763 1
1007 1
1282 1
1220 1
44 1
946 1
1666 1
127 1
142 1
442 1
968 1
1163 1
381 1
480 1
1187 1
865 1
289 1
1189 1
1760 1
219 1
844 1
999 1
1289 1
1430 1
1487 1
381 1
804 1
1107 1
1856 1
585 1
1793 1
1947 1
1148 1
1260 1
1505 1
92 1
1270 1
1558 1
1491 1
1389 1
1529 1
1789 1
1989 1
1938 1
1442 1
354 1
43 1
1300 1
725 1
1343 1
1690 1
12 1
1334 1
1245 1
1082 1
1226 1
1597 1
1923 1
1929 1
503 1
618 1
636 1
748 1
143 1
1583 1
1793 1
1997 1
91 1
1590 1
1461 1
1680 1
498 1
720 1
973 1
1921 1
911 1
1112 1
1397 1
838 1
1587 1
1914 1
1071 1
1616 1
820 1
556 1
503 1
1580 1
1956 1
202 1
576 1
113 1
803 1
398 1
1823 1
45 1
1007 1
1223 1
1941 1
1381 1
1304 1
1759 1
412 1
705 1
1183 1
1934 1
1833 1
4 1
84 1
700 1
1513 1
1767 1
181 1
359 1
586 1
1585 1
158 1
801 1
1562 1
1998 1
123 1
585 1
733 1
1028 1
1994 1
31 1
794 1
505 1
1569 1
519 1
1581 1
906 1
1577 1
1722 1
404 1
1929 1
51 1
167 1
1120 1
1374 1
688 1
1327 1
146 1
594 1
1266 1
1070 1
979 1
141 1
543 1
1188 1
1037 1
1237 1
166 1
579 1
398 1
1128 1
444 1
1121 1
1518 1
469 1
1302 1
699 1
1456 1
1880 1
467 1
816 1
1872 1
1130 1
783 1
414 1
882 1
1014 1
1500 1
1363 1
294 1
152 1
518 1
930 1
548 1
209 1
1299 1
475 1
163 1
1418 1
1554 1
25 1
485 1
326 1
1544 1
1626 1
383 1
721 1
325 1
637 1
789 1
754 1
547 1
1545 1
1313 1
642 1
369 1
1208 1
815 1
1445 1
990 1
1273 1
1370 1
1674 1
1167 1
1693 1
1257 1
366 1
341 1
168 1
1446 1
11 1
35 1
1179 1
1150 1
1561 1
1735 1
1347 1
1352 1
1230 1
949 1
1158 1
1274 1
382 1
1033 1
698 1
106 1
258 1
1440 1
1751 1
648 1
1404 1
321 1
490 1
902 1
1403 1
981 1
190 1
94 1
1974 1
923 1
1280 1
1232 1
1530 1
1857 1
445 1
695 1
1066 1
781 1
717 1
1118 1
1864 1
1987 1
189 1
1791 1
1801 1
353 1
447 1
869 1
799 1
1559 1
1198 1
819 1
1223 1
1528 1
1655 1
651 1
136 1
593 1
766 1
1462 1
563 1
1162 1
1438 1
1848 1
1597 1
1673 1
93 1
418 1
806 1
1287 1
1534 1
1924 1
57 1
569 1
1935 1
273 1
1026 1
990 1
1977 1
1783 1
541 1
1804 1
454 1
1581 1
1781 1
395 1
540 1
1048 1
283 1
1427 1
458 1
1057 1
832 1
1704 1
770 1
871 1
969 1
1391 1
1562 1
1695 1
1205 1
1312 1
1338 1
228 1
1793 1
232 1
659 1
12 1
885 1
1527 1
1973 1
19 1
220 1
314 1
1003 1
1043 1
323 1
1204 1
736 1
1684 1
1840 1
1297 1
1077 1
1688 1
971 1
1054 1
1072 1
1539 1
1643 1
908 1
443 1
51 1
1299 1
37 1
747 1
1568 1
1416 1
545 1
597 1
1180 1
1903 1
1254 1
1215 1
239 1
1320 1
1845 1
766 1
1518 1
1700 1
296 1
350 1
485 1
829 1
1360 1
1325 1
453 1
1540 1
269 1
613 1
895 1
968 1
949 1
1100 1
1777 1
1881 1
74 1
1116 1
1119 1
1997 1
1030 1
1325 1
1105 1
1920 1
1878 1
1927 1
423 1
1238 1
1542 1
505 1
104 1
411 1
872 1
929 1
1973 1
1869 1
1797 1
480 1
545 1
944 1
18 1
1323 1
885 1
1590 1
962 1
1773 1
1942 1
416 1
1094 1
1173 1
1411 1
1693 1
1483 1
1892 1
191 1
1117 1
887 1
199 1
127 1
1443 1
1755 1
1200 1
1205 1
1402 1
336 1
86 1
122 1
597 1
911 1
1500 1
925 1
1631 1
1641 1
501 1
931 1
936 1
1141 1
1364 1
751 1
607 1
17 1
1501 1
1439 1
1131 1
798 1
551 1
316 1
48 1
804 1
1016 1
1396 1
1916 1
756 1
39 1
1885 1
1061 1
1345 1
276 1
1398 1
1987 1
779 1
1931 1
1921 1
351 1
1924 1
823 1
1582 1
780 1
1225 1
547 1
289 1
1080 1
1563 1
1568 1
1858 1
1313 1
1605 1
1188 1
1800 1
1758 1
964 1
1140 1
1048 1
1825 1
112 1
887 1
78 1
416 1
1286 1
1872 1
1985 1
928 1
1162 1
1520 1
1955 1
1552 1
1990 1
495 1
851 1
847 1
1686 1
906 1
938 1
967 1
1054 1
1386 1
8 1
1163 1
635 1
930 1
995 1
1210 1
184 1
577 1
1192 1
174 1
691 1
962 1
440 1
1862 1
1226 1
573 1
659 1
1160 1
398 1
600 1
1330 1
1858 1
1170 1
1762 1
1368 1
1862 1
1213 1
439 1
992 1
1133 1
1151 1
207 1
1410 1
1690 1
1970 1
26 1
1173 1
1326 1
1552 1
1609 1
1876 1
27 1
597 1
1319 1
1481 1
1861 1
1635 1
660 1
154 1
193 1
402 1
828 1
881 1
539 1
890 1
1717 1
1083 1
1349 1
249 1
1649 1
168 1
177 1
1082 1
1296 1
768 1
597 1
1529 1
1617 1
557 1
1730 1
775 1
1894 1
88 1
611 1
1005 1
1195 1
292 1
14 1
1488 1
1647 1
1711 1
59 1
387 1
318 1
1944 1
35 1
534 1
1333 1
36 1
1232 1
1720 1
428 1
802 1
827 1
848 1
128 1
1177 1
1171 1
1153 1
422 1
531 1
725 1
837 1
1746 1
1797 1
715 1
1803 1
663 1
1723 1
1956 1
1751 1
1598 1
1821 1
213 1
572 1
149 1
1095 1
184 1
707 1
1350 1
26 1
255 1
832 1
36 1
100 1
523 1
1464 1
1766 1
1959 1
1226 1
99 1
265 1
786 1
823 1
1708 1
1958 1
1724 1
1748 1
140 1
1438 1
1722 1
378 1
620 1
692 1
1856 1
1564 1
695 1
34 1
630 1
824 1
1164 1
1070 1
1933 1
230 1
281 1
1548 1
1261 1
1360 1
459 1
614 1
1696 1
1811 1
94 1
557 1
1189 1
1136 1
223 1
1471 1
1095 1
893 1
664 1
1612 1
1071 1
1943 1
1860 1
580 1
1363 1
1910 1
416 1
1553 1
136 1
582 1
1965 1
885 1
762 1
1252 1
445 1
689 1
662 1
6 1
1145 1
1149 1
100 1
854 1
1726 1
552 1
889 1
886 1
1278 1
435 1
917 1
1206 1
159 1
1799 1
463 1
483 1
749 1
621 1
1826 1
161 1
645 1
1703 1
1589 1
1388 1
1441 1
1847 1
1833 1
1884 1
572 1
1242 1
1443 1
1761 1
1589 1
1561 1
1733 1
1774 1
170 1
810 1
1006 1
1119 1
1342 1
1324 1
1912 1
248 1
1279 1
1636 1
544 1
294 1
999 1
30 1
979 1
812 1
1828 1
1834 1
1857 1
506 1
1362 1
980 1
1228 1
924 1
1316 1
347 1
1665 1
1933 1
571 1
575 1
552 1
1022 1
471 1
1627 1
1211 1
190 1
506 1
706 1
1166 1
1620 1
577 1
674 1
155 1
1253 1
918 1
440 1
1122 1
1549 1
836 1
690 1
1120 1
1617 1
1110 1
323 1
569 1
899 1
1376 1
843 1
48 1
612 1
1090 1
168 1
200 1
1894 1
217 1
1059 1
1031 1
1199 1
1133 1
71 1
1613 1
1229 1
286 1
1674 1
1064 1
927 1
1385 1
1429 1
1109 1
301 1
1060 1
1784 1
1858 1
516 1
651 1
738 1
236 1
832 1
1809 1
1180 1
1239 1
1454 1
980 1
862 1
10 1
390 1
867 1
1209 1
282 1
135 1
1662 1
726 1
933 1
820 1
1590 1
1872 1
1882 1
966 1
121 1
1194 1
1277 1
895 1
1616 1
1911 1
1897 1
415 1
1605 1
1763 1
666 1
1275 1
521 1
1868 1
756 1
1916 1
194 1
208 1
1421 1
384 1
132 1
1977 1
1030 1
1409 1
1650 1
1469 1
1592 1
1363 1
1745 1
128 1
36 1
1405 1
691 1
1137 1
1254 1
1167 1
1702 1
1971 1
472 1
525 1
1023 1
1907 1
579 1
783 1
1031 1
1150 1
268 1
1995 1
145 1
232 1
295 1
879 1
1412 1
667 1
1900 1
160 1
1264 1
1785 1
1825 1
555 1
1889 1
1103 1
1882 1
789 1
61 1
1849 1
1574 1
504 1
32 1
205 1
849 1
541 1
1159 1
1424 1
659 1
1811 1
784 1
984 1
1430 1
1547 1
1975 1
197 1
1191 1
657 1
738 1
1148 1
1434 1
1757 1
206 1
49 1
784 1
227 1
527 1
742 1
1175 1
1392 1
519 1
959 1
425 1
665 1
1167 1
1394 1
340 1
1870 1
116 1
938 1
640 1
1919 1
426 1
963 1
1540 1
1239 1
1260 1
328 1
1486 1
1138 1
567 1
1758 1
24 1
1092 1
1511 1
1679 1
1048 1
89 1
281 1
747 1
1662 1
342 1
1687 1
259 1
350 1
625 1
197 1
346 1
778 1
63 1
502 1
1463 1
1454 1
254 1
1041 1
474 1
1491 1
393 1
1645 1
1831 1
22 1
1391 1
404 1
1282 1
1742 1
864 1
740 1
1021 1
1679 1
1929 1
1023 1
1289 1
162 1
156 1
982 1
1768 1
389 1
1975 1
741 1
1363 1
1140 1
1328 1
1022 1
1214 1
116 1
1408 1
672 1
1112 1
961 1
1802 1
250 1
1501 1
917 1
1399 1
1612 1
1620 1
1957 1
672 1
737 1
1419 1
842 1
369 1
1377 1
1018 1
1569 1
828 1
1449 1
1678 1
80 1
119 1
1484 1
1081 1
874 1
1592 1
888 1
1968 1
259 1
230 1
723 1
914 1
240 1
1080 1
198 1
1003 1
1309 1
1704 1
1669 1
1215 1
1449 1
1426 1
1746 1
1379 1
1563 1
294 1
1214 1
1675 1
1654 1
1739 1
236 1
1755 1
1572 1
1143 1
1351 1
663 1
1982 1
588 1
1570 1
500 1
1575 1
220 1
353 1
1307 1
297 1
517 1
117 1
327 1
820 1
1537 1
1332 1
1776 1
50 1
1572 1
286 1
1748 1
1081 1
812 1
165 1
1832 1
1888 1
97 1
1151 1
1380 1
429 1
602 1
1905 1
1828 1
998 1
240 1
586 1
1343 1
898 1
886 1
1155 1
1372 1
1309 1
1322 1
626 1
195 1
1379 1
317 1
1415 1
1995 1
114 1
681 1
876 1
954 1
1448 1
653 1
273 1
300 1
1367 1
824 1
408 1
1256 1
1609 1
1668 1
1696 1
1716 1
1846 1
71 1
87 1
610 1
1096 1
1626 1
1020 1
1193 1
1377 1
1668 1
343 1
563 1
1627 1
22 1
955 1
1103 1
1192 1
1353 1
1636 1
1632 1
489 1
699 1
767 1
1370 1
893 1
580 1
1777 1
1867 1
1987 1
533 1
966 1
1069 1
794 1
57 1
151 1
1501 1
1032 1
546 1
1499 1
1980 1
1037 1
1368 1
1437 1
112 1
1522 1
508 1
146 1
1258 1
1756 1
1832 1
1931 1
629 1
1529 1
1881 1
1564 1
1984 1
93 1
203 1
1213 1
1628 1
223 1
1760 1
1303 1
1033 1
246 1
901 1
1077 1
706 1
1623 1
380 1
1191 1
781 1
1251 1
1100 1
1411 1
1055 1
1366 1
1689 1
184 1
337 1
1087 1
1478 1
177 1
652 1
673 1
1740 1
1046 1
297 1
211 1
235 1
900 1
932 1
222 1
732 1
639 1
717 1
756 1
1816 1
1127 1
1267 1
107 1
353 1
1167 1
1810 1
196 1
760 1
1658 1
6 1
865 1
1114 1
1450 1
1214 1
1525 1
1328 1
899 1
1313 1
1021 1
569 1
697 1
735 1
751 1
1153 1
184 1
1208 1
461 1
771 1
1259 1
1301 1
1289 1
387 1
130 1
1226 1
1294 1
1463 1
483 1
1583 1
578 1
142 1
1227 1
1184 1
288 1
1228 1
551 1
1805 1
1201 1
1561 1
1081 1
1684 1
1489 1
1516 1
303 1
1679 1
298 1
1141 1
875 1
485 1
38 1
677 1
1313 1
1118 1
1754 1
1323 1
1371 1
1524 1
1666 1
1695 1
1512 1
607 1
1333 1
1469 1
179 1
268 1
467 1
825 1
1055 1
1215 1
1277 1
1747 1
776 1
341 1
883 1
396 1
1965 1
1939 1
829 1
1509 1
1892 1
1561 1
512 1
1730 1
1818 1
334 1
581 1
1233 1
943 1
186 1
152 1
36 1
655 1
661 1
1195 1
758 1
932 1
1108 1
1595 1
422 1
85 1
1311 1
1054 1
836 1
1874 1
531 1
557 1
1211 1
811 1
224 1
293 1
443 1
582 1
974 1
1392 1
1119 1
424 1
1584 1
411 1
437 1
600 1
1508 1
1585 1
270 1
1740 1
259 1
774 1
966 1
1593 1
251 1
900 1
784 1
130 1
443 1
1917 1
14 1
1631 1
1214 1
56 1
1140 1
1029 1
1801 1
456 1
964 1
1441 1
1629 1
1673 1
801 1
1340 1
1586 1
1762 1
1684 1
1153 1
1175 1
106 1
987 1
818 1
1928 1
1868 1
271 1
444 1
1017 1
1465 1
1336 1
282 1
1723 1
1315 1
1503 1
1586 1
1233 1
765 1
1852 1
1741 1
1895 1
320 1
1346 1
1352 1
1678 1
1294 1
1297 1
1814 1
559 1
1775 1
849 1
244 1
1145 1
964 1
21 1
224 1
1738 1
950 1
1441 1
637 1
614 1
1105 1
245 1
1242 1
1821 1
880 1
1197 1
1424 1
1740 1
1760 1
591 1
634 1
818 1
1219 1
1761 1
1836 1
1662 1
20 1
652 1
1553 1
358 1
675 1
1835 1
800 1
1049 1
135 1
599 1
614 1
1471 1
1104 1
193 1
791 1
935 1
171 1
411 1
1024 1
1215 1
1468 1
190 1
346 1
138 1
1344 1
1528 1
1148 1
1147 1
1104 1
1198 1
914 1
64 1
818 1
1963 1
654 1
490 1
1795 1
1937 1
1122 1
370 1
1657 1
949 1
336 1
1830 1
1569 1
1951 1
64 1
429 1
28 1
270 1
1409 1
1193 1
1974 1
1711 1
888 1
1653 1
1072 1
170 1
674 1
692 1
1604 1
79 1
665 1
858 1
285 1
310 1
731 1
902 1
525 1
1830 1
240 1
1200 1
1726 1
1550 1
1644 1
1521 1
776 1
251 1
1067 1
1311 1
1071 1
1214 1
171 1
187 1
227 1
1343 1
582 1
1936 1
473 1
843 1
941 1
37 1
1506 1
842 1
589 1
784 1
1616 1
1357 1
437 1
697 1
946 1
1067 1
14 1
1585 1
1583 1
1198 1
55 1
1257 1
1567 1
1219 1
132 1
201 1
415 1
1042 1
1908 1
1806 1
274 1
660 1
899 1
641 1
70 1
712 1
1015 1
97 1
8 1
1820 1
361 1
1262 1
1411 1
1631 1
487 1
1397 1
1517 1
21 1
664 1
125 1
1860 1
922 1
1569 1
61 1
958 1
134 1
293 1
1326 1
1948 1
744 1
676 1
1297 1
499 1
1637 1
231 1
1563 1
1689 1
308 1
1328 1
1549 1
1613 1
1059 1
1555 1
483 1
622 1
733 1
868 1
902 1
1368 1
255 1
1091 1
1978 1
210 1
755 1
1147 1
1321 1
365 1
499 1
484 1
791 1
705 1
1756 1
696 1
1963 1
709 1
1916 1
370 1
514 1
1612 1
1632 1
1422 1
1969 1
357 1
215 1
1193 1
1979 1
434 1
693 1
1230 1
1455 1
288 1
659 1
25 1
1550 1
310 1
643 1
310 1
358 1
1244 1
1423 1
1761 1
801 1
1597 1
1678 1
787 1
1365 1
680 1
1462 1
1974 1
101 1
1123 1
1342 1
791 1
448 1
501 1
1770 1
1897 1
1000 1
1236 1
1076 1
1236 1
1717 1
830 1
834 1
953 1
1438 1
367 1
1397 1
286 1
872 1
1223 1
25 1
110 1
290 1
127 1
604 1
1419 1
1616 1
1149 1
1713 1
311 1
1168 1
1583 1
1487 1
1355 1
43 1
1967 1
1936 1
1756 1
407 1
921 1
585 1
910 1
205 1
833 1
1081 1
687 1
1734 1
836 1
1429 1
6 1
1817 1
1955 1
679 1
1913 1
1754 1
1851 1
438 1
562 1
1531 1
165 1
168 1
735 1
1499 1
410 1
1211 1
1765 1
4 1
1008 1
1567 1
1417 1
1104 1
581 1
1940 1
397 1
1245 1
1271 1
174 1
1256 1
1207 1
1773 1
781 1
1848 1
1888 1
374 1
1753 1
23 1
339 1
436 1
1027 1
1225 1
472 1
1874 1
1482 1
1867 1
1740 1
1734 1
37 1
74 1
250 1
1164 1
79 1
22 1
1296 1
1992 1
738 1
20 1
1656 1
353 1
1471 1
563 1
440 1
1176 1
1013 1
178 1
938 1
1065 1
758 1
1695 1
693 1
909 1
856 1
821 1
855 1
818 1
1583 1
268 1
37 1
316 1
710 1
828 1
1467 1
1692 1
718 1
851 1
882 1
1016 1
1941 1
1126 1
1929 1
1738 1
7 1
822 1
130 1
193 1
985 1
1870 1
997 1
1227 1
1473 1
1156 1
171 1
698 1
1926 1
167 1
1380 1
1483 1
735 1
230 1
1829 1
1848 1
589 1
623 1
893 1
1224 1
1635 1
1477 1
546 1
1309 1
1482 1
524 1
1787 1
1273 1
983 1
1872 1
1847 1
193 1
1062 1
1331 1
1495 1
105 1
1315 1
1661 1
465 1
840 1
1303 1
368 1
204 1
771 1
221 1
1168 1
1815 1
43 1
1849 1
893 1
973 1
173 1
130 1
1470 1
744 1
1620 1
257 1
317 1
410 1
969 1
1983 1
429 1
1115 1
1294 1
883 1
233 1
483 1
1501 1
494 1
1740 1
598 1
788 1
952 1
1260 1
1323 1
1330 1
1699 1
1708 1
534 1
189 1
1214 1
1399 1
1876 1
1986 1
302 1
1808 1
1917 1
149 1
1207 1
588 1
1958 1
845 1
109 1
632 1
1640 1
1335 1
1718 1
1027 1
398 1
447 1
679 1
1570 1
110 1
1744 1
677 1
253 1
657 1
886 1
1599 1
1643 1
1708 1
17 1
1627 1
1733 1
313 1
1346 1
1341 1
1636 1
852 1
200 1
264 1
1554 1
1860 1
1752 1
1753 1
987 1
106 1
1110 1
1739 1
301 1
748 1
1146 1
660 1
1982 1
822 1
1529 1
82 1
1323 1
1476 1
7 1
1568 1
185 1
822 1
1085 1
1618 1
967 1
465 1
458 1
783 1
1575 1
537 1
933 1
1482 1
1863 1
1867 1
220 1
648 1
288 1
834 1
1333 1
1478 1
1850 1
1402 1
1110 1
782 1
1742 1
1068 1
271 1
1803 1
118 1
647 1
1743 1
783 1
1706 1
540 1
1877 1
979 1
1041 1
1701 1
1615 1
1125 1
1093 1
1280 1
1570 1
1439 1
713 1
355 1
401 1
511 1
1682 1
1591 1
1697 1
483 1
765 1
1542 1
603 1
299 1
785 1
1795 1
1098 1
1206 1
1451 1
591 1
1548 1
1356 1
826 1
847 1
809 1
1374 1
273 1
644 1
1105 1
1643 1
1593 1
1359 1
1975 1
601 1
1045 1
1501 1
1644 1
839 1
1688 1
1275 1
1632 1
1460 1
875 1
1046 1
1129 1
1525 1
533 1
1901 1
460 1
1341 1
1071 1
146 1
1047 1
1703 1
1351 1
1909 1
263 1
941 1
1481 1
1218 1
772 1
404 1
520 1
744 1
855 1
1135 1
1376 1
787 1
750 1
1557 1
442 1
737 1
1336 1
251 1
764 1
1883 1
32 1
176 1
946 1
1691 1
78 1
355 1
1049 1
1910 1
39 1
1848 1
243 1
347 1
1117 1
1149 1
864 1
1437 1
1044 1
1705 1
1501 1
91 1
1638 1
99 1
1184 1
1216 1
605 1
1574 1
1920 1
261 1
561 1
683 1
1275 1
1587 1
1431 1
1898 1
883 1
1231 1
1250 1
437 1
832 1
327 1
1229 1
1327 1
570 1
324 1
1298 1
936 1
621 1
1143 1
1189 1
1415 1
862 1
408 1
510 1
631 1
1316 1
55 1
919 1
730 1
1414 1
1853 1
207 1
375 1
1835 1
623 1
1321 1
1196 1
1518 1
734 1
682 1
868 1
1003 1
1535 1
63 1
1914 1
528 1
729 1
151 1
1895 1
104 1
1724 1
212 1
134 1
1322 1
1058 1
1865 1
271 1
436 1
642 1
852 1
986 1
740 1
1363 1
1103 1
256 1
1221 1
283 1
419 1
632 1
1407 1
45 1
1925 1
825 1
1167 1
100 1
840 1
1281 1
1420 1
1361 1
1367 1
857 1
946 1
1011 1
1959 1
325 1
426 1
1652 1
639 1
1757 1
188 1
148 1
336 1
1065 1
67 1
1328 1
723 1
1435 1
1476 1
274 1
795 1
324 1
900 1
1126 1
1156 1
1005 1
1167 1
307 1
1497 1
207 1
1946 1
1451 1
70 1
266 1
283 1
1224 1
1630 1
1407 1
993 1
1560 1
949 1
450 1
376 1
869 1
1477 1
80 1
1752 1
1415 1
250 1
849 1
365 1
66 1
319 1
1611 1
1670 1
1345 1
542 1
211 1
615 1
294 1
505 1
1252 1
1934 1
814 1
981 1
35 1
1736 1
185 1
569 1
1519 1
967 1
785 1
1197 1
1240 1
1108 1
1603 1
195 1
565 1
1099 1
1539 1
1487 1
1204 1
69 1
399 1
1093 1
395 1
1076 1
616 1
981 1
329 1
85 1
1637 1
1953 1
761 1
1221 1
1728 1
704 1
935 1
680 1
40 1
110 1
1322 1
1602 1
627 1
1286 1
1026 1
32 1
124 1
488 1
514 1
1185 1
1309 1
1700 1
1821 1
1124 1
1620 1
390 1
674 1
1204 1
1353 1
842 1
903 1
1918 1
890 1
1672 1
783 1
489 1
13 1
329 1
1817 1
1642 1
1478 1
9 1
169 1
909 1
94 1
42 1
1072 1
1373 1
382 1
858 1
1112 1
809 1
382 1
1452 1
1919 1
1535 1
175 1
1926 1
756 1
1498 1
162 1
641 1
1136 1
1860 1
104 1
1932 1
103 1
1102 1
1578 1
1504 1
981 1
451 1
1722 1
985 1
744 1
573 1
1654 1
1660 1
555 1
4 1
372 1
1965 1
602 1
702 1
724 1
820 1
1553 1
1980 1
481 1
1591 1
1576 1
512 1
1375 1
1500 1
739 1
1949 1
321 1
1199 1
671 1
1504 1
1645 1
1783 1
1104 1
168 1
215 1
1644 1
1992 1
503 1
53 1
638 1
27 1
1993 1
423 1
1908 1
1936 1
565 1
863 1
246 1
87 1
776 1
998 1
1422 1
39 1
1191 1
753 1
1861 1
335 1
470 1
891 1
749 1
513 1
1896 1
120 1
1256 1
1132 1
684 1
180 1
195 1
746 1
1181 1
1429 1
1354 1
533 1
0 1
1158 1
1583 1
297 1
685 1
789 1
1500 1
209 1
1725 1
1941 1
16 1
581 1
1078 1
1411 1
1706 1
498 1
1722 1
1771 1
1209 1
1279 1
1537 1
1214 1
1279 1
1728 1
1751 1
39 1
1308 1
1984 1
1268 1
166 1
1701 1
100 1
285 1
451 1
646 1
1636 1
1891 1
987 1
890 1
810 1
1783 1
888 1
884 1
946 1
218 1
587 1
1881 1
1859 1
373 1
1142 1
656 1
774 1
174 1
343 1
551 1
1304 1
1361 1
1484 1
1109 1
522 1
747 1
1079 1
1504 1
1405 1
135 1
1169 1
1460 1
1449 1
1518 1
643 1
1854 1
1335 1
658 1
1073 1
95 1
1009 1
1337 1
1490 1
1742 1
1827 1
397 1
1674 1
29 1
321 1
360 1
567 1
704 1
1464 1
1990 1
256 1
1841 1
1458 1
1461 1
77 1
838 1
763 1
255 1
494 1
583 1
615 1
1147 1
1748 1
857 1
606 1
378 1
64 1
1309 1
1406 1
1233 1
555 1
812 1
1788 1
1065 1
435 1
123 1
1708 1
1206 1
1587 1
1748 1
98 1
1526 1
722 1
1634 1
798 1
1435 1
160 1
571 1
1896 1
234 1
1545 1
1319 1
1719 1
312 1
496 1
1980 1
442 1
49 1
491 1
1091 1
1305 1
1387 1
1725 1
1453 1
1522 1
776 1
862 1
1006 1
937 1
1204 1
1179 1
1707 1
1624 1
361 1
43 1
982 1
383 1
1176 1
96 1
608 1
1735 1
1463 1
102 1
289 1
1345 1
1753 1
705 1
620 1
1149 1
1433 1
130 1
1880 1
390 1
768 1
888 1
388 1
372 1
1890 1
1155 1
1296 1
1386 1
1878 1
1066 1
524 1
805 1
857 1
1592 1
1854 1
442 1
1431 1
318 1
722 1
920 1
1179 1
1522 1
1536 1
299 1
1077 1
1769 1
567 1
66 1
609 1
610 1
1335 1
1500 1
269 1
864 1
144 1
1905 1
1445 1
20 1
519 1
34 1
289 1
241 1
970 1
1193 1
381 1
1292 1
67 1
579 1
1326 1
1706 1
1576 1
656 1
154 1
322 1
454 1
890 1
1286 1
1536 1
81 1
1206 1
165 1
638 1
1160 1
716 1
1879 1
999 1
88 1
913 1
1128 1
1852 1
760 1
1341 1
1227 1
60 1
1620 1
686 1
1165 1
1438 1
616 1
862 1
411 1
364 1
178 1
499 1
981 1
849 1
1514 1
1470 1
1636 1
47 1
1786 1
1268 1
1869 1
1842 1
595 1
443 1
1113 1
1525 1
1691 1
120 1
77 1
363 1
654 1
1063 1
1777 1
10 1
758 1
63 1
955 1
1269 1
1317 1
463 1
31 1
773 1
1089 1
1168 1
1535 1
856 1
1919 1
810 1
1763 1
965 1
157 1
644 1
758 1
706 1
1060 1
1295 1
1427 1
362 1
680 1
838 1
851 1
686 1
188 1
678 1
853 1
1205 1
1577 1
1885 1
406 1
46 1
584 1
14 1
182 1
560 1
608 1
809 1
1049 1
1242 1
1532 1
161 1
779 1
1060 1
111 1
1670 1
1838 1
60 1
1975 1
602 1
569 1
1765 1
1156 1
528 1
411 1
470 1
845 1
1104 1
1491 1
1771 1
906 1
611 1
512 1
64 1
431 1
1524 1
572 1
1502 1
466 1
819 1
469 1
1701 1
1019 1
992 1
1163 1
1370 1
1122 1
1785 1
1033 1
199 1
37 1
1445 1
1683 1
1526 1
104 1
1629 1
722 1
1736 1
1057 1
1314 1
1819 1
806 1
602 1
143 1
868 1
1546 1
1825 1
1900 1
1232 1
600 1
1100 1
1433 1
1776 1
180 1
1959 1
0 1
1447 1
552 1
1369 1
18 1
148 1
202 1
1343 1
1191 1
651 1
709 1
889 1
1366 1
1041 1
1070 1
1448 1
1412 1
357 1
1791 1
926 1
721 1
616 1
880 1
1721 1
8 1
1825 1
201 1
552 1
99 1
1433 1
151 1
1965 1
1634 1
904 1
1983 1
620 1
1990 1
396 1
443 1
579 1
766 1
1322 1
1348 1
1718 1
1366 1
1555 1
1380 1
1988 1
70 1
589 1
498 1
1045 1
551 1
725 1
1447 1
682 1
1591 1
363 1
863 1
1236 1
1827 1
1254 1
1485 1
1506 1
267 1
3 1
526 1
595 1
1176 1
1352 1
1375 1
716 1
1807 1
38 1
39 1
450 1
451 1
1413 1
161 1
1991 1
235 1
455 1
611 1
923 1
1697 1
1838 1
1664 1
102 1
736 1
1652 1
846 1
319 1
458 1
1364 1
833 1
484 1
557 1
584 1
1138 1
1619 1
61 1
514 1
405 1
1958 1
803 1
1306 1
1704 1
696 1
831 1
118 1
1051 1
1374 1
1718 1
1847 1
1168 1
590 1
249 1
649 1
649 1
942 1
475 1
1165 1
1437 1
1122 1
1490 1
70 1
1132 1
24 1
1277 1
1472 1
593 1
704 1
221 1
686 1
186 1
339 1
1143 1
1799 1
1268 1
1968 1
98 1
807 1
953 1
1361 1
449 1
226 1
1286 1
1329 1
1676 1
431 1
242 1
263 1
739 1
1833 1
868 1
1219 1
98 1
535 1
833 1
165 1
481 1
665 1
708 1
1096 1
812 1
1654 1
1265 1
237 1
274 1
944 1
1179 1
762 1
437 1
1973 1
1991 1
897 1
1057 1
1814 1
343 1
1257 1
284 1
635 1
481 1
515 1
1071 1
1985 1
258 1
581 1
1210 1
1454 1
159 1
1700 1
177 1
1478 1
1372 1
738 1
511 1
743 1
1025 1
648 1
725 1
1561 1
965 1
1482 1
1737 1
1104 1
306 1
1939 1
179 1
233 1
860 1
1481 1
1794 1
1920 1
658 1
28 1
118 1
2 1
1036 1
360 1
847 1
781 1
805 1
557 1
147 1
172 1
725 1
1189 1
1651 1
1682 1
347 1
703 1
1285 1
355 1
1154 1
542 1
609 1
693 1
998 1
1492 1
1619 1
1927 1
1830 1
1017 1
210 1
1057 1
1356 1
139 1
260 1
326 1
521 1
721 1
869 1
1697 1
287 1
1151 1
241 1
1134 1
1565 1
1969 1
1946 1
1157 1
662 1
840 1
1968 1
1684 1
784 1
863 1
1089 1
1462 1
492 1
1221 1
1531 1
487 1
416 1
977 1
1060 1
950 1
1993 1
287 1
9 1
486 1
611 1
713 1
1435 1
1421 1
1952 1
361 1
546 1
991 1
1656 1
711 1
1404 1
1690 1
359 1
489 1
627 1
857 1
1300 1
1540 1
1557 1
1760 1
1908 1
316 1
239 1
95 1
1319 1
1326 1
1223 1
1341 1
20 1
566 1
1414 1
1527 1
455 1
954 1
301 1
152 1
91 1
1680 1
775 1
380 1
1685 1
1871 1
453 1
1589 1
1831 1
446 1
580 1
364 1
557 1
783 1
192 1
501 1
561 1
839 1
1040 1
1745 1
1571 1
604 1
1928 1
579 1
1731 1
1009 1
1592 1
1850 1
158 1
1161 1
1453 1
130 1
1954 1
1736 1
28 1
1988 1
529 1
811 1
1587 1
1446 1
1406 1
1986 1
1315 1
1929 1
448 1
535 1
978 1
1363 1
1174 1
1147 1
1861 1
1454 1
290 1
1928 1
283 1
631 1
903 1
1935 1
1952 1
643 1
1094 1
1836 1
1300 1
389 1
1709 1
2 1
1972 1
915 1
852 1
1837 1
1378 1
602 1
1069 1
229 1
1246 1
1581 1
1099 1
1533 1
894 1
1050 1
1171 1
1185 1
312 1
809 1
1432 1
666 1
1060 1
1367 1
1302 1
616 1
1377 1
1255 1
207 1
424 1
705 1
1093 1
564 1
