20
0 5
5 3
8 4
12 7
19 5
24 7
31 5
36 3
39 4
43 5
48 5
53 2
55 6
61 3
64 3
67 6
73 5
78 6
84 6
90 4

15

94
18 1
9 1
1 1
2 1
16 1
7 1
0 1
3 1
0 1
18 1
11 1
19 1
1 1
13 1
16 1
9 1
12 1
15 1
16 1
10 1
6 1
6 1
6 1
11 1
5 1
5 1
8 1
14 1
15 1
17 1
18 1
4 1
4 1
10 1
4 1
12 1
1 1
14 1
12 1
5 1
19 1
18 1
9 1
0 1
3 1
19 1
8 1
18 1
4 1
6 1
12 1
12 1
17 1
4 1
2 1
7 1
10 1
10 1
6 1
17 1
3 1
3 1
15 1
16 1
7 1
5 1
15 1
13 1
14 1
3 1
15 1
15 1
5 1
3 1
13 1
17 1
0 1
3 1
12 1
16 1
5 1
10 1
17 1
17 1
0 1
2 1
8 1
5 1
9 1
19 1
8 1
9 1
18 1
2 1
